1415326701,s1-eth1,0.00,0.00,0.00,0,0,0.00,0.00,0.00,0,0,0.00,0.00,0,0
1415326701,s1-eth2,0.00,0.00,0.00,0,0,0.00,0.00,0.00,0,0,0.00,0.00,0,0
1415326701,s2-eth1,0.00,0.00,0.00,0,0,0.00,0.00,0.00,0,0,0.00,0.00,0,0
1415326701,s2-eth2,0.00,0.00,0.00,0,0,0.00,0.00,0.00,0,0,0.00,0.00,0,0
1415326701,eth0,0.00,0.00,0.00,0,0,0.00,0.00,0.00,0,0,0.00,0.00,0,0
1415326701,lo,0.00,0.00,0.00,0,0,0.00,0.00,0.00,0,0,0.00,0.00,0,0
1415326701,total,0.00,0.00,0.00,0,0,0.00,0.00,0.00,0,0,0.00,0.00,0,0
1415326702,s1-eth1,5531143.00,123428.58,5654571.50,123552,5536674,3669.33,1870.13,5539.46,1872,3673,0.00,0.00,0,0
1415326702,s1-eth2,123948.00,5547394.00,5671342.00,5547394,123948,1878.00,3681.00,5559.00,3681,1878,0.00,0.00,0,0
1415326702,s2-eth1,5547394.00,123948.00,5671342.00,123948,5547394,3681.00,1878.00,5559.00,1878,3681,0.00,0.00,0,0
1415326702,s2-eth2,123948.00,5553450.00,5677398.00,5553450,123948,1878.00,3685.00,5563.00,3685,1878,0.00,0.00,0,0
1415326702,eth0,0.00,0.00,0.00,0,0,0.00,0.00,0.00,0,0,0.00,0.00,0,0
1415326702,lo,0.00,0.00,0.00,0,0,0.00,0.00,0.00,0,0,0.00,0.00,0,0
1415326702,total,11331964.00,11348344.00,22680308.00,11348344,11331964,11110.00,11116.00,22226.00,11116,11110,0.00,0.00,0,0
1415326703,s1-eth1,5954970.00,124546.00,6079516.00,124546,5954970,3953.00,1887.00,5840.00,1887,3953,0.00,0.00,0,0
1415326703,s1-eth2,124414.00,5942736.00,6067150.00,5942736,124414,1885.00,3944.00,5829.00,3944,1885,0.00,0.00,0,0
1415326703,s2-eth1,5942736.00,124414.00,6067150.00,124414,5942736,3944.00,1885.00,5829.00,1885,3944,0.00,0.00,0,0
1415326703,s2-eth2,124150.00,5962418.00,6086568.00,5962418,124150,1881.00,3957.00,5838.00,3957,1881,0.00,0.00,0,0
1415326703,eth0,0.00,0.00,0.00,0,0,0.00,0.00,0.00,0,0,0.00,0.00,0,0
1415326703,lo,536.00,536.00,1072.00,536,536,6.00,6.00,12.00,6,6,0.00,0.00,0,0
1415326703,total,12134672.00,12142508.00,24277180.00,12154650,12146806,11657.34,11667.33,23324.68,11679,11669,0.00,0.00,0,0
1415326704,s1-eth1,6009520.50,121912.09,6131432.50,122034,6015530,3981.02,1847.15,5828.17,1849,3985,0.00,0.00,0,0
1415326704,s1-eth2,122166.00,6024614.00,6146780.00,6024614,122166,1851.00,3991.00,5842.00,3991,1851,0.00,0.00,0,0
1415326704,s2-eth1,6024614.00,122166.00,6146780.00,122166,6024614,3991.00,1851.00,5842.00,1851,3991,0.00,0.00,0,0
1415326704,s2-eth2,122430.00,6032184.00,6154614.00,6032184,122430,1855.00,3996.00,5851.00,3996,1855,0.00,0.00,0,0
1415326704,eth0,0.00,86.00,86.00,86,0,0.00,1.00,1.00,1,0,0.00,0.00,0,0
1415326704,lo,0.00,0.00,0.00,0,0,0.00,0.00,0.00,0,0,0.00,0.00,0,0
1415326704,total,12284740.00,12301084.00,24585824.00,12301084,12284740,11682.00,11688.00,23370.00,11688,11682,0.00,0.00,0,0
1415326705,s1-eth1,5130840.00,106482.00,5237322.00,106482,5130840,3394.00,1613.00,5007.00,1613,3394,0.00,0.00,0,0
1415326705,s1-eth2,105888.00,5136896.00,5242784.00,5136896,105888,1604.00,3398.00,5002.00,3398,1604,0.00,0.00,0,0
1415326705,s2-eth1,5136896.00,105888.00,5242784.00,105888,5136896,3398.00,1604.00,5002.00,1604,3398,0.00,0.00,0,0
1415326705,s2-eth2,105888.00,5138410.00,5244298.00,5138410,105888,1604.00,3399.00,5003.00,3399,1604,0.00,0.00,0,0
1415326705,eth0,0.00,0.00,0.00,0,0,0.00,0.00,0.00,0,0,0.00,0.00,0,0
1415326705,lo,1112.00,1112.00,2224.00,1112,1112,12.00,12.00,24.00,12,12,0.00,0.00,0,0
1415326705,total,10480624.00,10488788.00,20969412.00,10488788,10480624,10012.00,10026.00,20038.00,10026,10012,0.00,0.00,0,0
1415326706,s1-eth1,5703210.00,110748.00,5813958.00,110748,5703210,3769.00,1678.00,5447.00,1678,3769,0.00,0.00,0,0
1415326706,s1-eth2,111210.00,5691098.00,5802308.00,5691098,111210,1685.00,3761.00,5446.00,3761,1685,0.00,0.00,0,0
1415326706,s2-eth1,5691098.00,111210.00,5802308.00,111210,5691098,3761.00,1685.00,5446.00,1685,3761,0.00,0.00,0,0
1415326706,s2-eth2,110748.00,5662332.00,5773080.00,5662332,110748,1678.00,3742.00,5420.00,3742,1678,0.00,0.00,0,0
1415326706,eth0,0.00,0.00,0.00,0,0,0.00,0.00,0.00,0,0,0.00,0.00,0,0
1415326706,lo,0.00,0.00,0.00,0,0,0.00,0.00,0.00,0,0,0.00,0.00,0,0
1415326706,total,11616266.00,11575388.00,23191654.00,11575388,11616266,10893.00,10866.00,21759.00,10866,10893,0.00,0.00,0,0
1415326707,s1-eth1,6161134.00,131014.00,6292148.00,131014,6161134,4071.00,1985.00,6056.00,1985,4071,0.00,0.00,0,0
1415326707,s1-eth2,131080.00,6176274.00,6307354.00,6176274,131080,1986.00,4081.00,6067.00,4081,1986,0.00,0.00,0,0
1415326707,s2-eth1,6176274.00,131080.00,6307354.00,131080,6176274,4081.00,1986.00,6067.00,1986,4081,0.00,0.00,0,0
1415326707,s2-eth2,131344.00,6186962.00,6318306.00,6186962,131344,1990.00,4089.00,6079.00,4089,1990,0.00,0.00,0,0
1415326707,eth0,0.00,0.00,0.00,0,0,0.00,0.00,0.00,0,0,0.00,0.00,0,0
1415326707,lo,824.00,824.00,1648.00,824,824,9.00,9.00,18.00,9,9,0.00,0.00,0,0
1415326707,total,12600656.00,12626154.00,25226810.00,12626154,12600656,12137.00,12150.00,24287.00,12150,12137,0.00,0.00,0,0
1415326708,s1-eth1,6169622.00,120186.00,6289808.00,120186,6169622,4079.00,1821.00,5900.00,1821,4079,0.00,0.00,0,0
1415326708,s1-eth2,120120.00,6154482.00,6274602.00,6154482,120120,1820.00,4069.00,5889.00,4069,1820,0.00,0.00,0,0
1415326708,s2-eth1,6154482.00,120120.00,6274602.00,120120,6154482,4069.00,1820.00,5889.00,1820,4069,0.00,0.00,0,0
1415326708,s2-eth2,120120.00,6149850.00,6269970.00,6149850,120120,1820.00,4065.00,5885.00,4065,1820,0.00,0.00,0,0
1415326708,eth0,0.00,0.00,0.00,0,0,0.00,0.00,0.00,0,0,0.00,0.00,0,0
1415326708,lo,288.00,288.00,576.00,288,288,3.00,3.00,6.00,3,3,0.00,0.00,0,0
1415326708,total,12564632.00,12544926.00,25109558.00,12544926,12564632,11791.00,11778.00,23569.00,11778,11791,0.00,0.00,0,0
1415326709,s1-eth1,6010180.00,128439.56,6138619.50,128568,6016190,3977.02,1946.05,5923.08,1948,3981,0.00,0.00,0,0
1415326709,s1-eth2,128373.63,6023792.50,6152166.00,6029816,128502,1945.05,3986.01,5931.07,3990,1947,0.00,0.00,0,0
1415326709,s2-eth1,6023792.50,128373.63,6152166.00,128502,6029816,3986.01,1945.05,5931.07,1947,3990,0.00,0.00,0,0
1415326709,s2-eth2,128439.56,6057067.00,6185506.50,6063124,128568,1946.05,4007.99,5954.05,4012,1948,0.00,0.00,0,0
1415326709,eth0,0.00,0.00,0.00,0,0,0.00,0.00,0.00,0,0,0.00,0.00,0,0
1415326709,lo,535.46,535.46,1070.93,536,536,5.99,5.99,11.99,6,6,0.00,0.00,0,0
1415326709,total,12291321.00,12338208.00,24629530.00,12350546,12303612,11860.14,11891.11,23751.25,11903,11872,0.00,0.00,0,0
1415326710,s1-eth1,5833712.50,114725.28,5948437.50,114840,5839546,3857.14,1738.26,5595.40,1740,3861,0.00,0.00,0,0
1415326710,s1-eth2,114791.21,5815562.50,5930354.00,5821378,114906,1739.26,3845.15,5584.42,3849,1741,0.00,0.00,0,0
1415326710,s2-eth1,5815562.50,114791.21,5930354.00,114906,5821378,3845.15,1739.26,5584.42,1741,3849,0.00,0.00,0,0
1415326710,s2-eth2,114725.28,5786825.50,5901550.50,5792612,114840,1738.26,3826.17,5564.44,3830,1740,0.00,0.00,0,0
1415326710,eth0,149.85,149.85,299.70,150,150,2.00,2.00,4.00,2,2,0.00,0.00,0,0
1415326710,lo,0.00,0.00,0.00,0,0,0.00,0.00,0.00,0,0,0.00,0.00,0,0
1415326710,total,11878941.00,11832054.00,23710996.00,11843886,11890820,11181.82,11150.85,22332.67,11162,11193,0.00,0.00,0,0
1415326711,s1-eth1,5475770.50,119406.59,5595177.00,119526,5481246,3619.38,1809.19,5428.57,1811,3623,0.00,0.00,0,0
1415326711,s1-eth2,119406.59,5495432.50,5614839.50,5500928,119526,1809.19,3632.37,5441.56,3636,1811,0.00,0.00,0,0
1415326711,s2-eth1,5495432.50,119406.59,5614839.50,119526,5500928,3632.37,1809.19,5441.56,1811,3636,0.00,0.00,0,0
1415326711,s2-eth2,119208.80,5520505.50,5639714.50,5526026,119328,1806.19,3649.35,5455.54,3653,1808,0.00,0.00,0,0
1415326711,eth0,0.00,309.69,309.69,310,0,0.00,2.00,2.00,2,0,0.00,0.00,0,0
1415326711,lo,0.00,0.00,0.00,0,0,0.00,0.00,0.00,0,0,0.00,0.00,0,0
1415326711,total,11209818.00,11255061.00,22464880.00,11266316,11221028,10867.13,10902.10,21769.23,10913,10878,0.00,0.00,0,0
1415326712,s1-eth1,5885514.00,126522.00,6012036.00,126522,5885514,3893.00,1917.00,5810.00,1917,3893,0.00,0.00,0,0
1415326712,s1-eth2,126456.00,5880972.00,6007428.00,5880972,126456,1916.00,3890.00,5806.00,3890,1916,0.00,0.00,0,0
1415326712,s2-eth1,5880972.00,126456.00,6007428.00,126456,5880972,3890.00,1916.00,5806.00,1916,3890,0.00,0.00,0,0
1415326712,s2-eth2,126786.00,5866472.00,5993258.00,5866472,126786,1921.00,3880.00,5801.00,3880,1921,0.00,0.00,0,0
1415326712,eth0,0.00,0.00,0.00,0,0,0.00,0.00,0.00,0,0,0.00,0.00,0,0
1415326712,lo,0.00,0.00,0.00,0,0,0.00,0.00,0.00,0,0,0.00,0.00,0,0
1415326712,total,12019728.00,12000422.00,24020150.00,12000422,12019728,11620.00,11603.00,23223.00,11603,11620,0.00,0.00,0,0
1415326713,s1-eth1,5535456.00,109560.00,5645016.00,109560,5535456,3660.00,1660.00,5320.00,1660,3660,0.00,0.00,0,0
1415326713,s1-eth2,109494.00,5530914.00,5640408.00,5530914,109494,1659.00,3657.00,5316.00,3657,1659,0.00,0.00,0,0
1415326713,s2-eth1,5530914.00,109494.00,5640408.00,109494,5530914,3657.00,1659.00,5316.00,1659,3657,0.00,0.00,0,0
1415326713,s2-eth2,109428.00,5523344.00,5632772.00,5523344,109428,1658.00,3652.00,5310.00,3652,1658,0.00,0.00,0,0
1415326713,eth0,0.00,0.00,0.00,0,0,0.00,0.00,0.00,0,0,0.00,0.00,0,0
1415326713,lo,344.00,344.00,688.00,344,344,6.00,6.00,12.00,6,6,0.00,0.00,0,0
1415326713,total,11274362.00,11262394.00,22536756.00,11273656,11285636,10629.37,10623.38,21252.75,10634,10640,0.00,0.00,0,0
1415326714,s1-eth1,5313315.00,108461.54,5421776.50,108570,5318628,3514.49,1643.36,5157.84,1645,3518,0.00,0.00,0,0
1415326714,s1-eth2,108461.54,5320877.50,5429339.00,5326198,108570,1643.36,3519.48,5162.84,3523,1645,0.00,0.00,0,0
1415326714,s2-eth1,5320877.50,108461.54,5429339.00,108570,5326198,3519.48,1643.36,5162.84,1645,3523,0.00,0.00,0,0
1415326714,s2-eth2,108395.61,5326927.00,5435323.00,5332254,108504,1642.36,3523.48,5165.83,3527,1644,0.00,0.00,0,0
1415326714,eth0,0.00,0.00,0.00,0,0,0.00,0.00,0.00,0,0,0.00,0.00,0,0
1415326714,lo,0.00,0.00,0.00,0,0,0.00,0.00,0.00,0,0,0.00,0.00,0,0
1415326714,total,10851049.00,10864728.00,21715776.00,10875592,10861900,10319.68,10329.67,20649.35,10340,10330,0.00,0.00,0,0
1415326715,s1-eth1,5449922.50,108778.99,5558701.50,109758,5498972,3605.55,1648.17,5253.72,1663,3638,0.00,0.00,0,0
1415326715,s1-eth2,109040.63,5466428.00,5575469.00,5515626,110022,1652.13,3616.45,5268.58,3649,1667,0.00,0.00,0,0
1415326715,s2-eth1,5466428.00,109040.63,5575469.00,110022,5515626,3616.45,1652.13,5268.58,1667,3649,0.00,0.00,0,0
1415326715,s2-eth2,108909.81,5467928.50,5576838.50,5517140,109890,1650.15,3617.44,5267.59,3650,1665,0.00,0.00,0,0
1415326715,eth0,0.00,0.00,0.00,0,0,0.00,0.00,0.00,0,0,0.00,0.00,0,0
1415326715,lo,0.00,0.00,0.00,0,0,0.00,0.00,0.00,0,0,0.00,0.00,0,0
1415326715,total,11134301.00,11152176.00,22286478.00,11252546,11234510,10524.28,10534.19,21058.47,10629,10619,0.00,0.00,0,0
1415326716,s1-eth1,5716112.50,101834.16,5817946.50,103158,5790422,3781.84,1542.94,5324.78,1563,3831,0.00,0.00,0,0
1415326716,s1-eth2,101834.16,5692199.50,5794033.50,5766198,103158,1542.94,3766.04,5308.98,3815,1563,0.00,0.00,0,0
1415326716,s2-eth1,5692199.50,101834.16,5794033.50,103158,5766198,3766.04,1542.94,5308.98,1563,3815,0.00,0.00,0,0
1415326716,s2-eth2,102029.62,5683232.00,5785261.50,5757114,103356,1545.90,3760.12,5306.02,3809,1566,0.00,0.00,0,0
1415326716,eth0,0.00,0.00,0.00,0,0,0.00,0.00,0.00,0,0,0.00,0.00,0,0
1415326716,lo,0.00,0.00,0.00,0,0,0.00,0.00,0.00,0,0,0.00,0.00,0,0
1415326716,total,11612176.00,11579100.00,23191276.00,11729628,11763134,10636.72,10612.04,21248.77,10750,10775,0.00,0.00,0,0
1415326717,s1-eth1,5416892.50,114473.84,5531366.00,115962,5487312,3581.44,1734.45,5315.89,1757,3628,0.00,0.00,0,0
1415326717,s1-eth2,114278.38,5425860.00,5540138.00,5496396,115764,1731.49,3587.36,5318.85,3634,1754,0.00,0.00,0,0
1415326717,s2-eth1,5425860.00,114278.38,5540138.00,115764,5496396,3587.36,1731.49,5318.85,1754,3634,0.00,0.00,0,0
1415326717,s2-eth2,114082.92,5428849.00,5542932.00,5499424,115566,1728.53,3589.34,5317.87,3636,1751,0.00,0.00,0,0
1415326717,eth0,88.85,88.85,177.69,90,90,0.99,0.99,1.97,1,1,0.00,0.00,0,0
1415326717,lo,0.00,0.00,0.00,0,0,0.00,0.00,0.00,0,0,0.00,0.00,0,0
1415326717,total,11071202.00,11083550.00,22154752.00,11227636,11215128,10629.81,10643.63,21273.45,10782,10768,0.00,0.00,0,0
1415326718,s1-eth1,5466624.00,112464.00,5579088.00,112464,5466624,3620.00,1704.00,5324.00,1704,3620,0.00,0.00,0,0
1415326718,s1-eth2,112530.00,5463596.00,5576126.00,5463596,112530,1705.00,3618.00,5323.00,3618,1705,0.00,0.00,0,0
1415326718,s2-eth1,5463596.00,112530.00,5576126.00,112530,5463596,3618.00,1705.00,5323.00,1705,3618,0.00,0.00,0,0
1415326718,s2-eth2,112662.00,5477222.00,5589884.00,5477222,112662,1707.00,3627.00,5334.00,3627,1707,0.00,0.00,0,0
1415326718,eth0,0.00,0.00,0.00,0,0,0.00,0.00,0.00,0,0,0.00,0.00,0,0
1415326718,lo,344.00,344.00,688.00,344,344,6.00,6.00,12.00,6,6,0.00,0.00,0,0
1415326718,total,11155756.00,11166156.00,22321912.00,11166156,11155756,10656.00,10660.00,21316.00,10660,10656,0.00,0.00,0,0
1415326719,s1-eth1,5116270.00,106590.00,5222860.00,106590,5116270,3383.00,1615.00,4998.00,1615,3383,0.00,0.00,0,0
1415326719,s1-eth2,106590.00,5113242.00,5219832.00,5113242,106590,1615.00,3381.00,4996.00,3381,1615,0.00,0.00,0,0
1415326719,s2-eth1,5113242.00,106590.00,5219832.00,106590,5113242,3381.00,1615.00,4996.00,1615,3381,0.00,0.00,0,0
1415326719,s2-eth2,106590.00,5114756.00,5221346.00,5114756,106590,1615.00,3382.00,4997.00,3382,1615,0.00,0.00,0,0
1415326719,eth0,90.00,90.00,180.00,90,90,1.00,1.00,2.00,1,1,0.00,0.00,0,0
1415326719,lo,0.00,0.00,0.00,0,0,0.00,0.00,0.00,0,0,0.00,0.00,0,0
1415326719,total,10442782.00,10441268.00,20884050.00,10441268,10442782,9995.00,9994.00,19989.00,9994,9995,0.00,0.00,0,0
1415326720,s1-eth1,6086694.00,127644.00,6214338.00,127644,6086694,4027.00,1934.00,5961.00,1934,4027,0.00,0.00,0,0
1415326720,s1-eth2,127578.00,6074582.00,6202160.00,6074582,127578,1933.00,4019.00,5952.00,4019,1933,0.00,0.00,0,0
1415326720,s2-eth1,6074582.00,127578.00,6202160.00,127578,6074582,4019.00,1933.00,5952.00,1933,4019,0.00,0.00,0,0
1415326720,s2-eth2,127644.00,6054900.00,6182544.00,6054900,127644,1934.00,4006.00,5940.00,4006,1934,0.00,0.00,0,0
1415326720,eth0,0.00,0.00,0.00,0,0,0.00,0.00,0.00,0,0,0.00,0.00,0,0
1415326720,lo,0.00,0.00,0.00,0,0,0.00,0.00,0.00,0,0,0.00,0.00,0,0
1415326720,total,12416498.00,12384704.00,24801202.00,12384704,12416498,11913.00,11892.00,23805.00,11892,11913,0.00,0.00,0,0
1415326721,s1-eth1,5209249.00,110608.70,5319858.00,111936,5271760,3446.64,1675.89,5122.53,1696,3488,0.00,0.00,0,0
1415326721,s1-eth2,110804.35,5224209.50,5335014.00,5286900,112134,1678.85,3456.52,5135.38,3498,1699,0.00,0.00,0,0
1415326721,s2-eth1,5224209.50,110804.35,5335014.00,112134,5286900,3456.52,1678.85,5135.38,1699,3498,0.00,0.00,0,0
1415326721,s2-eth2,110869.57,5237674.00,5348543.50,5300526,112200,1679.84,3465.42,5145.26,3507,1700,0.00,0.00,0,0
1415326721,eth0,0.00,0.00,0.00,0,0,0.00,0.00,0.00,0,0,0.00,0.00,0,0
1415326721,lo,0.00,0.00,0.00,0,0,0.00,0.00,0.00,0,0,0.00,0.00,0,0
1415326721,total,10655133.00,10683297.00,21338430.00,10811496,10782994,10261.86,10276.68,20538.54,10400,10385,0.00,0.00,0,0
1415326722,s1-eth1,4730200.00,97648.35,4827848.50,97746,4734930,3129.87,1479.52,4609.39,1481,3133,0.00,0.00,0,0
1415326722,s1-eth2,97384.62,4728687.50,4826072.00,4733416,97482,1475.52,3128.87,4604.40,3132,1477,0.00,0.00,0,0
1415326722,s2-eth1,4728687.50,97384.62,4826072.00,97482,4733416,3128.87,1475.52,4604.40,1477,3132,0.00,0.00,0,0
1415326722,s2-eth2,96923.08,4724150.00,4821073.00,4728874,97020,1468.53,3125.87,4594.41,3129,1470,0.00,0.00,0,0
1415326722,eth0,0.00,0.00,0.00,0,0,0.00,0.00,0.00,0,0,0.00,0.00,0,0
1415326722,lo,0.00,0.00,0.00,0,0,0.00,0.00,0.00,0,0,0.00,0.00,0,0
1415326722,total,9653195.00,9647870.00,19301066.00,9657518,9662848,9202.80,9209.79,18412.59,9219,9212,0.00,0.00,0,0
1415326723,s1-eth1,5322280.00,108177.52,5430457.50,109692,5396792,3522.68,1639.05,5161.74,1662,3572,0.00,0.00,0,0
1415326723,s1-eth2,108112.43,5322280.00,5430392.50,5396792,109626,1638.07,3522.68,5160.75,3572,1661,0.00,0.00,0,0
1415326723,s2-eth1,5322280.00,108112.43,5430392.50,109626,5396792,3522.68,1638.07,5160.75,1661,3572,0.00,0.00,0,0
1415326723,s2-eth2,108502.96,5317801.00,5426304.00,5392250,110022,1643.98,3519.72,5163.71,3569,1667,0.00,0.00,0,0
1415326723,eth0,0.00,0.00,0.00,0,0,0.00,0.00,0.00,0,0,0.00,0.00,0,0
1415326723,lo,336.27,336.27,672.53,344,344,5.87,5.87,11.73,6,6,0.00,0.00,0,0
1415326723,total,10765959.00,10761197.00,21527156.00,11008704,11013576,10242.42,10234.60,20477.03,10470,10478,0.00,0.00,0,0
1415326724,s1-eth1,4967891.00,104658.08,5072549.00,105600,5012602,3283.45,1585.73,4869.18,1600,3313,0.00,0.00,0,0
1415326724,s1-eth2,104985.13,4967891.00,5072876.00,5012602,105930,1590.68,3283.45,4874.13,3313,1605,0.00,0.00,0,0
1415326724,s2-eth1,4967891.00,104985.13,5072876.00,105930,5012602,3283.45,1590.68,4874.13,1605,3313,0.00,0.00,0,0
1415326724,s2-eth2,105115.96,4984396.50,5089512.50,5029256,106062,1592.67,3294.35,4887.02,3324,1607,0.00,0.00,0,0
1415326724,eth0,0.00,0.00,0.00,0,0,0.00,0.00,0.00,0,0,0.00,0.00,0,0
1415326724,lo,0.00,0.00,0.00,0,0,0.00,0.00,0.00,0,0,0.00,0.00,0,0
1415326724,total,10226969.00,10243145.00,20470114.00,10253388,10237196,9828.17,9832.17,19660.34,9842,9838,0.00,0.00,0,0
1415326725,s1-eth1,6014699.00,130616.77,6145315.50,130878,6026728,3980.04,1979.04,5959.08,1983,3988,0.00,0.00,0,0
1415326725,s1-eth2,130485.03,6016209.50,6146695.00,6028242,130746,1977.05,3981.04,5958.08,3989,1981,0.00,0.00,0,0
1415326725,s2-eth1,6016209.50,130485.03,6146695.00,130746,6028242,3981.04,1977.05,5958.08,1981,3989,0.00,0.00,0,0
1415326725,s2-eth2,130353.30,6016209.50,6146563.00,6028242,130614,1975.05,3981.04,5956.09,3989,1979,0.00,0.00,0,0
1415326725,eth0,0.00,0.00,0.00,0,0,0.00,0.00,0.00,0,0,0.00,0.00,0,0
1415326725,lo,0.00,0.00,0.00,0,0,0.00,0.00,0.00,0,0,0.00,0.00,0,0
1415326725,total,12291747.00,12293521.00,24585268.00,12318108,12316330,11913.17,11918.16,23831.34,11942,11937,0.00,0.00,0,0
1415326726,s1-eth1,6103810.00,118668.00,6222478.00,118668,6103810,4037.00,1798.00,5835.00,1798,4037,0.00,0.00,0,0
1415326726,s1-eth2,118800.00,6102296.00,6221096.00,6102296,118800,1800.00,4036.00,5836.00,4036,1800,0.00,0.00,0,0
1415326726,s2-eth1,6102296.00,118800.00,6221096.00,118800,6102296,4036.00,1800.00,5836.00,1800,4036,0.00,0.00,0,0
1415326726,s2-eth2,118932.00,6079586.00,6198518.00,6079586,118932,1802.00,4021.00,5823.00,4021,1802,0.00,0.00,0,0
1415326726,eth0,0.00,0.00,0.00,0,0,0.00,0.00,0.00,0,0,0.00,0.00,0,0
1415326726,lo,0.00,0.00,0.00,0,0,0.00,0.00,0.00,0,0,0.00,0.00,0,0
1415326726,total,12443838.00,12419350.00,24863188.00,12419350,12443838,11675.00,11655.00,23330.00,11655,11675,0.00,0.00,0,0
1415326727,s1-eth1,5974180.00,116754.00,6090934.00,116754,5974180,3950.00,1769.00,5719.00,1769,3950,0.00,0.00,0,0
1415326727,s1-eth2,116622.00,5972666.00,6089288.00,5972666,116622,1767.00,3949.00,5716.00,3949,1767,0.00,0.00,0,0
1415326727,s2-eth1,5972666.00,116622.00,6089288.00,116622,5972666,3949.00,1767.00,5716.00,1767,3949,0.00,0.00,0,0
1415326727,s2-eth2,116490.00,5980236.00,6096726.00,5980236,116490,1765.00,3954.00,5719.00,3954,1765,0.00,0.00,0,0
1415326727,eth0,0.00,0.00,0.00,0,0,0.00,0.00,0.00,0,0,0.00,0.00,0,0
1415326727,lo,0.00,0.00,0.00,0,0,0.00,0.00,0.00,0,0,0.00,0.00,0,0
1415326727,total,12179958.00,12186278.00,24366236.00,12186278,12179958,11431.00,11439.00,22870.00,11439,11431,0.00,0.00,0,0
1415326728,s1-eth1,6189900.00,125598.00,6315498.00,125598,6189900,4098.00,1903.00,6001.00,1903,4098,0.00,0.00,0,0
1415326728,s1-eth2,125730.00,6182330.00,6308060.00,6182330,125730,1905.00,4093.00,5998.00,4093,1905,0.00,0.00,0,0
1415326728,s2-eth1,6182330.00,125730.00,6308060.00,125730,6182330,4093.00,1905.00,5998.00,1905,4093,0.00,0.00,0,0
1415326728,s2-eth2,125862.00,6170218.00,6296080.00,6170218,125862,1907.00,4085.00,5992.00,4085,1907,0.00,0.00,0,0
1415326728,eth0,0.00,0.00,0.00,0,0,0.00,0.00,0.00,0,0,0.00,0.00,0,0
1415326728,lo,396.00,396.00,792.00,396,396,7.00,7.00,14.00,7,7,0.00,0.00,0,0
1415326728,total,12624218.00,12604272.00,25228490.00,12604272,12624218,12010.00,11993.00,24003.00,11993,12010,0.00,0.00,0,0
1415326729,s1-eth1,6130310.00,126852.00,6257162.00,126852,6130310,4055.00,1922.00,5977.00,1922,4055,0.00,0.00,0,0
1415326729,s1-eth2,126852.00,6133338.00,6260190.00,6133338,126852,1922.00,4057.00,5979.00,4057,1922,0.00,0.00,0,0
1415326729,s2-eth1,6133338.00,126852.00,6260190.00,126852,6133338,4057.00,1922.00,5979.00,1922,4057,0.00,0.00,0,0
1415326729,s2-eth2,126852.00,6141782.00,6268634.00,6141782,126852,1922.00,4063.00,5985.00,4063,1922,0.00,0.00,0,0
1415326729,eth0,0.00,416.00,416.00,416,0,0.00,2.00,2.00,2,0,0.00,0.00,0,0
1415326729,lo,0.00,0.00,0.00,0,0,0.00,0.00,0.00,0,0,0.00,0.00,0,0
1415326729,total,12504847.00,12516724.00,25021572.00,12529240,12517352,11944.06,11954.05,23898.10,11966,11956,0.00,0.00,0,0
1415326730,s1-eth1,5494338.00,121968.00,5616306.00,121968,5494338,3637.00,1848.00,5485.00,1848,3637,0.00,0.00,0,0
1415326730,s1-eth2,121836.00,5490838.00,5612674.00,5490838,121836,1846.00,3635.00,5481.00,3635,1846,0.00,0.00,0,0
1415326730,s2-eth1,5490838.00,121836.00,5612674.00,121836,5490838,3635.00,1846.00,5481.00,1846,3635,0.00,0.00,0,0
1415326730,s2-eth2,121704.00,5491478.00,5613182.00,5491478,121704,1844.00,3635.00,5479.00,3635,1844,0.00,0.00,0,0
1415326730,eth0,0.00,0.00,0.00,0,0,0.00,0.00,0.00,0,0,0.00,0.00,0,0
1415326730,lo,0.00,0.00,0.00,0,0,0.00,0.00,0.00,0,0,0.00,0.00,0,0
1415326730,total,11228716.00,11226120.00,22454836.00,11226120,11228716,10962.00,10964.00,21926.00,10964,10962,0.00,0.00,0,0
1415326731,s1-eth1,5972082.00,124080.00,6096162.00,124080,5972082,3949.00,1880.00,5829.00,1880,3949,0.00,0.00,0,0
1415326731,s1-eth2,124080.00,5987694.00,6111774.00,5987694,124080,1880.00,3959.00,5839.00,3959,1880,0.00,0.00,0,0
1415326731,s2-eth1,5987694.00,124080.00,6111774.00,124080,5987694,3959.00,1880.00,5839.00,1880,3959,0.00,0.00,0,0
1415326731,s2-eth2,121902.00,5983152.00,6105054.00,5983152,121902,1847.00,3956.00,5803.00,3956,1847,0.00,0.00,0,0
1415326731,eth0,0.00,0.00,0.00,0,0,0.00,0.00,0.00,0,0,0.00,0.00,0,0
1415326731,lo,0.00,0.00,0.00,0,0,0.00,0.00,0.00,0,0,0.00,0.00,0,0
1415326731,total,12205758.00,12219006.00,24424764.00,12219006,12205758,11635.00,11675.00,23310.00,11675,11635,0.00,0.00,0,0
1415326732,s1-eth1,5865353.00,116505.50,5981858.50,116622,5871218,3877.12,1765.23,5642.36,1767,3881,0.00,0.00,0,0
1415326732,s1-eth2,116439.56,5857790.50,5974230.00,5863648,116556,1764.24,3872.13,5636.36,3876,1766,0.00,0.00,0,0
1415326732,s2-eth1,5857790.50,116439.56,5974230.00,116556,5863648,3872.13,1764.24,5636.36,1766,3876,0.00,0.00,0,0
1415326732,s2-eth2,118615.39,5863840.50,5982455.50,5869704,118734,1797.20,3876.12,5673.33,3880,1799,0.00,0.00,0,0
1415326732,eth0,0.00,0.00,0.00,0,0,0.00,0.00,0.00,0,0,0.00,0.00,0,0
1415326732,lo,0.00,0.00,0.00,0,0,0.00,0.00,0.00,0,0,0.00,0.00,0,0
1415326732,total,11958198.00,11954576.00,23912774.00,11966530,11970156,11310.69,11277.72,22588.41,11289,11322,0.00,0.00,0,0
1415326733,s1-eth1,5306816.00,111474.00,5418290.00,111474,5306816,3512.00,1689.00,5201.00,1689,3512,0.00,0.00,0,0
1415326733,s1-eth2,111606.00,5294704.00,5406310.00,5294704,111606,1691.00,3504.00,5195.00,3504,1691,0.00,0.00,0,0
1415326733,s2-eth1,5294704.00,111606.00,5406310.00,111606,5294704,3504.00,1691.00,5195.00,1691,3504,0.00,0.00,0,0
1415326733,s2-eth2,111606.00,5300760.00,5412366.00,5300760,111606,1691.00,3508.00,5199.00,3508,1691,0.00,0.00,0,0
1415326733,eth0,0.00,0.00,0.00,0,0,0.00,0.00,0.00,0,0,0.00,0.00,0,0
1415326733,lo,344.00,344.00,688.00,344,344,6.00,6.00,12.00,6,6,0.00,0.00,0,0
1415326733,total,10825076.00,10818888.00,21643964.00,10818888,10825076,10404.00,10398.00,20802.00,10398,10404,0.00,0.00,0,0
1415326734,s1-eth1,5775036.00,119946.11,5894982.00,120186,5786586,3821.36,1817.37,5638.72,1821,3829,0.00,0.00,0,0
1415326734,s1-eth2,118958.09,5767481.00,5886439.50,5779016,119196,1802.40,3816.37,5618.76,3824,1806,0.00,0.00,0,0
1415326734,s2-eth1,5767481.00,118958.09,5886439.50,119196,5779016,3816.37,1802.40,5618.76,1806,3824,0.00,0.00,0,0
1415326734,s2-eth2,118760.48,5740283.50,5859044.00,5751764,118998,1799.40,3798.40,5597.80,3806,1803,0.00,0.00,0,0
1415326734,eth0,0.00,85.83,85.83,86,0,0.00,1.00,1.00,1,0,0.00,0.00,0,0
1415326734,lo,0.00,0.00,0.00,0,0,0.00,0.00,0.00,0,0,0.00,0.00,0,0
1415326734,total,11780236.00,11746755.00,23526990.00,11770248,11803796,11239.52,11235.53,22475.05,11258,11262,0.00,0.00,0,0
1415326735,s1-eth1,5878824.00,119790.00,5998614.00,119790,5878824,3884.00,1815.00,5699.00,1815,3884,0.00,0.00,0,0
1415326735,s1-eth2,120846.00,5886394.00,6007240.00,5886394,120846,1831.00,3889.00,5720.00,3889,1831,0.00,0.00,0,0
1415326735,s2-eth1,5886394.00,120846.00,6007240.00,120846,5886394,3889.00,1831.00,5720.00,1831,3889,0.00,0.00,0,0
1415326735,s2-eth2,121176.00,5893964.00,6015140.00,5893964,121176,1836.00,3894.00,5730.00,3894,1836,0.00,0.00,0,0
1415326735,eth0,0.00,0.00,0.00,0,0,0.00,0.00,0.00,0,0,0.00,0.00,0,0
1415326735,lo,0.00,0.00,0.00,0,0,0.00,0.00,0.00,0,0,0.00,0.00,0,0
1415326735,total,12007240.00,12020994.00,24028234.00,12020994,12007240,11440.00,11429.00,22869.00,11429,11440,0.00,0.00,0,0
1415326736,s1-eth1,6132917.00,131514.48,6264431.50,131646,6139050,4060.94,1993.01,6053.95,1995,4065,0.00,0.00,0,0
1415326736,s1-eth2,131184.81,6146529.50,6277714.50,6152676,131316,1988.01,4069.93,6057.94,4074,1990,0.00,0.00,0,0
1415326736,s2-eth1,6146529.50,131184.81,6277714.50,131316,6152676,4069.93,1988.01,6057.94,1990,4074,0.00,0.00,0,0
1415326736,s2-eth2,130921.09,6179804.50,6310725.50,6185984,131052,1984.02,4091.91,6075.92,4096,1986,0.00,0.00,0,0
1415326736,eth0,0.00,0.00,0.00,0,0,0.00,0.00,0.00,0,0,0.00,0.00,0,0
1415326736,lo,591.41,591.41,1182.82,592,592,5.99,5.99,11.99,6,6,0.00,0.00,0,0
1415326736,total,12542144.00,12589625.00,25131768.00,12602214,12554686,12108.89,12148.85,24257.74,12161,12121,0.00,0.00,0,0
1415326737,s1-eth1,4505950.00,89496.00,4595446.00,89496,4505950,2979.00,1356.00,4335.00,1356,2979,0.00,0.00,0,0
1415326737,s1-eth2,89694.00,4495352.00,4585046.00,4495352,89694,1359.00,2972.00,4331.00,2972,1359,0.00,0.00,0,0
1415326737,s2-eth1,4495352.00,89694.00,4585046.00,89694,4495352,2972.00,1359.00,4331.00,1359,2972,0.00,0.00,0,0
1415326737,s2-eth2,89826.00,4475670.00,4565496.00,4475670,89826,1361.00,2959.00,4320.00,2959,1361,0.00,0.00,0,0
1415326737,eth0,0.00,0.00,0.00,0,0,0.00,0.00,0.00,0,0,0.00,0.00,0,0
1415326737,lo,0.00,0.00,0.00,0,0,0.00,0.00,0.00,0,0,0.00,0.00,0,0
1415326737,total,9180822.00,9150212.00,18331034.00,9150212,9180822,8671.00,8646.00,17317.00,8646,8671,0.00,0.00,0,0
1415326738,s1-eth1,5878889.50,123362.64,6002252.00,123486,5884768,3884.12,1869.13,5753.25,1871,3888,0.00,0.00,0,0
1415326738,s1-eth2,123164.84,5894014.00,6017179.00,5899908,123288,1866.13,3894.11,5760.24,3898,1868,0.00,0.00,0,0
1415326738,s2-eth1,5894014.00,123164.84,6017179.00,123288,5899908,3894.11,1866.13,5760.24,1868,3898,0.00,0.00,0,0
1415326738,s2-eth2,123296.70,5898551.50,6021848.50,5904450,123420,1868.13,3897.10,5765.23,3901,1870,0.00,0.00,0,0
1415326738,eth0,0.00,0.00,0.00,0,0,0.00,0.00,0.00,0,0,0.00,0.00,0,0
1415326738,lo,0.00,0.00,0.00,0,0,0.00,0.00,0.00,0,0,0.00,0.00,0,0
1415326738,total,12019365.00,12039093.00,24058458.00,12051132,12031384,11512.49,11526.47,23038.96,11538,11524,0.00,0.00,0,0
1415326739,s1-eth1,5177404.00,110286.00,5287690.00,110286,5177404,3422.00,1671.00,5093.00,1671,3422,0.00,0.00,0,0
1415326739,s1-eth2,110484.00,5172862.00,5283346.00,5172862,110484,1674.00,3419.00,5093.00,3419,1674,0.00,0.00,0,0
1415326739,s2-eth1,5172862.00,110484.00,5283346.00,110484,5172862,3419.00,1674.00,5093.00,1674,3419,0.00,0.00,0,0
1415326739,s2-eth2,110352.00,5168320.00,5278672.00,5168320,110352,1672.00,3416.00,5088.00,3416,1672,0.00,0.00,0,0
1415326739,eth0,0.00,0.00,0.00,0,0,0.00,0.00,0.00,0,0,0.00,0.00,0,0
1415326739,lo,0.00,0.00,0.00,0,0,0.00,0.00,0.00,0,0,0.00,0.00,0,0
1415326739,total,10571102.00,10561952.00,21133054.00,10561952,10571102,10187.00,10180.00,20367.00,10180,10187,0.00,0.00,0,0
1415326740,s1-eth1,5963691.00,118958.09,6082649.00,119196,5975618,3941.12,1802.40,5743.51,1806,3949,0.00,0.00,0,0
1415326740,s1-eth2,118892.22,5954625.00,6073517.00,5966534,119130,1801.40,3935.13,5736.53,3943,1805,0.00,0.00,0,0
1415326740,s2-eth1,5954625.00,118892.22,6073517.00,119130,5966534,3935.13,1801.40,5736.53,1805,3943,0.00,0.00,0,0
1415326740,s2-eth2,118497.01,5944048.00,6062545.00,5955936,118734,1795.41,3928.14,5723.55,3936,1799,0.00,0.00,0,0
1415326740,eth0,0.00,0.00,0.00,0,0,0.00,0.00,0.00,0,0,0.00,0.00,0,0
1415326740,lo,343.31,343.31,686.63,344,344,5.99,5.99,11.98,6,6,0.00,0.00,0,0
1415326740,total,12156048.00,12136867.00,24292914.00,12161140,12180360,11479.04,11473.05,22952.10,11496,11502,0.00,0.00,0,0
1415326741,s1-eth1,5890568.50,115009.90,6005578.00,116160,5949474,3894.06,1742.57,5636.63,1760,3933,0.00,0.00,0,0
1415326741,s1-eth2,115205.94,5893566.50,6008772.50,5952502,116358,1745.54,3896.04,5641.58,3935,1763,0.00,0.00,0,0
1415326741,s2-eth1,5893566.50,115205.94,6008772.50,116358,5952502,3896.04,1745.54,5641.58,1763,3935,0.00,0.00,0,0
1415326741,s2-eth2,115728.71,5910055.50,6025784.00,5969156,116886,1753.47,3906.93,5660.40,3946,1771,0.00,0.00,0,0
1415326741,eth0,0.00,306.93,306.93,310,0,0.00,1.98,1.98,2,0,0.00,0.00,0,0
1415326741,lo,0.00,0.00,0.00,0,0,0.00,0.00,0.00,0,0,0.00,0.00,0,0
1415326741,total,12015069.00,12034145.00,24049214.00,12154486,12135220,11289.11,11293.07,22582.18,11406,11402,0.00,0.00,0,0
1415326742,s1-eth1,6021880.50,128175.83,6150056.00,128304,6027902,3979.02,1942.06,5921.08,1944,3983,0.00,0.00,0,0
1415326742,s1-eth2,128043.96,6026417.50,6154461.50,6032444,128172,1940.06,3982.02,5922.08,3986,1942,0.00,0.00,0,0
1415326742,s2-eth1,6032444.00,128172.00,6160616.00,128172,6032444,3986.00,1942.00,5928.00,1942,3986,0.00,0.00,0,0
1415326742,s2-eth2,127974.00,6026388.00,6154362.00,6026388,127974,1939.00,3982.00,5921.00,3982,1939,0.00,0.00,0,0
1415326742,eth0,0.00,0.00,0.00,0,0,0.00,0.00,0.00,0,0,0.00,0.00,0,0
1415326742,lo,0.00,0.00,0.00,0,0,0.00,0.00,0.00,0,0,0.00,0.00,0,0
1415326742,total,12316492.00,12315308.00,24631800.00,12315308,12316492,11850.00,11854.00,23704.00,11854,11850,0.00,0.00,0,0
1415326743,s1-eth1,6124584.00,131076.00,6255660.00,131076,6124584,4048.00,1986.00,6034.00,1986,4048,0.00,0.00,0,0
1415326743,s1-eth2,131076.00,6124584.00,6255660.00,6124584,131076,1986.00,4048.00,6034.00,4048,1986,0.00,0.00,0,0
1415326743,s2-eth1,6124584.00,131076.00,6255660.00,131076,6124584,4048.00,1986.00,6034.00,1986,4048,0.00,0.00,0,0
1415326743,s2-eth2,131142.00,6124584.00,6255726.00,6124584,131142,1987.00,4048.00,6035.00,4048,1987,0.00,0.00,0,0
1415326743,eth0,0.00,0.00,0.00,0,0,0.00,0.00,0.00,0,0,0.00,0.00,0,0
1415326743,lo,0.00,0.00,0.00,0,0,0.00,0.00,0.00,0,0,0.00,0.00,0,0
1415326743,total,12511386.00,12511320.00,25022706.00,12511320,12511386,12069.00,12068.00,24137.00,12068,12069,0.00,0.00,0,0
1415326744,s1-eth1,6135102.00,132000.00,6267102.00,132000,6135102,4055.00,2000.00,6055.00,2000,4055,0.00,0.00,0,0
1415326744,s1-eth2,132000.00,6136616.00,6268616.00,6136616,132000,2000.00,4056.00,6056.00,4056,2000,0.00,0.00,0,0
1415326744,s2-eth1,6136616.00,132000.00,6268616.00,132000,6136616,4056.00,2000.00,6056.00,2000,4056,0.00,0.00,0,0
1415326744,s2-eth2,132000.00,6150242.00,6282242.00,6150242,132000,2000.00,4065.00,6065.00,4065,2000,0.00,0.00,0,0
1415326744,eth0,0.00,0.00,0.00,0,0,0.00,0.00,0.00,0,0,0.00,0.00,0,0
1415326744,lo,0.00,0.00,0.00,0,0,0.00,0.00,0.00,0,0,0.00,0.00,0,0
1415326744,total,12535718.00,12550858.00,25086576.00,12550858,12535718,12111.00,12121.00,24232.00,12121,12111,0.00,0.00,0,0
1415326745,s1-eth1,6030629.50,118930.70,6149560.50,120120,6090936,3988.12,1801.98,5790.10,1820,4028,0.00,0.00,0,0
1415326745,s1-eth2,118800.00,6015639.50,6134439.50,6075796,119988,1800.00,3978.22,5778.22,4018,1818,0.00,0.00,0,0
1415326745,s2-eth1,6015639.50,118800.00,6134439.50,119988,6075796,3978.22,1800.00,5778.22,1818,4018,0.00,0.00,0,0
1415326745,s2-eth2,118800.00,5993154.50,6111954.50,6053086,119988,1800.00,3963.37,5763.37,4003,1818,0.00,0.00,0,0
1415326745,eth0,0.00,0.00,0.00,0,0,0.00,0.00,0.00,0,0,0.00,0.00,0,0
1415326745,lo,340.59,340.59,681.19,344,344,5.94,5.94,11.88,6,6,0.00,0.00,0,0
1415326745,total,12284210.00,12246865.00,24531076.00,12369334,12407052,11572.28,11549.50,23121.78,11665,11688,0.00,0.00,0,0
1415326746,s1-eth1,5306907.50,113189.67,5420097.50,113982,5344056,3507.45,1715.00,5222.44,1727,3532,0.00,0.00,0,0
1415326746,s1-eth2,112861.97,5324949.50,5437811.50,5362224,113652,1710.03,3519.36,5229.39,3544,1722,0.00,0.00,0,0
1415326746,s2-eth1,5324949.50,112861.97,5437811.50,113652,5362224,3519.36,1710.03,5229.39,1722,3544,0.00,0.00,0,0
1415326746,s2-eth2,112993.05,5330963.50,5443956.50,5368280,113784,1712.02,3523.34,5235.35,3548,1724,0.00,0.00,0,0
1415326746,eth0,0.00,0.00,0.00,0,0,0.00,0.00,0.00,0,0,0.00,0.00,0,0
1415326746,lo,0.00,0.00,0.00,0,0,0.00,0.00,0.00,0,0,0.00,0.00,0,0
1415326746,total,10857712.00,10881964.00,21739676.00,10958138,10933716,10448.86,10467.73,20916.58,10541,10522,0.00,0.00,0,0
1415326747,s1-eth1,5605740.50,120868.27,5726609.00,121110,5616952,3708.58,1831.34,5539.92,1835,3716,0.00,0.00,0,0
1415326747,s1-eth2,121461.08,5605740.50,5727202.00,5616952,121704,1840.32,3708.58,5548.90,3716,1844,0.00,0.00,0,0
1415326747,s2-eth1,5605740.50,121461.08,5727202.00,121704,5616952,3708.58,1840.32,5548.90,1844,3716,0.00,0.00,0,0
1415326747,s2-eth2,121000.00,5622361.50,5743361.50,5633606,121242,1833.33,3719.56,5552.89,3727,1837,0.00,0.00,0,0
1415326747,eth0,0.00,0.00,0.00,0,0,0.00,0.00,0.00,0,0,0.00,0.00,0,0
1415326747,lo,0.00,0.00,0.00,0,0,0.00,0.00,0.00,0,0,0.00,0.00,0,0
1415326747,total,11465385.00,11481890.00,22947276.00,11493372,11476850,11101.90,11110.89,22212.79,11122,11113,0.00,0.00,0,0
1415326748,s1-eth1,5493300.00,118419.48,5611719.50,119130,5526260,3632.21,1794.23,5426.44,1805,3654,0.00,0.00,0,0
1415326748,s1-eth2,118288.27,5500825.00,5619113.50,5533830,118998,1792.25,3637.18,5429.42,3659,1803,0.00,0.00,0,0
1415326748,s2-eth1,5500825.00,118288.27,5619113.50,118998,5533830,3637.18,1792.25,5429.42,1803,3659,0.00,0.00,0,0
1415326748,s2-eth2,118616.30,5493300.00,5611916.50,5526260,119328,1797.22,3632.21,5429.42,3654,1808,0.00,0.00,0,0
1415326748,eth0,0.00,0.00,0.00,0,0,0.00,0.00,0.00,0,0,0.00,0.00,0,0
1415326748,lo,0.00,0.00,0.00,0,0,0.00,0.00,0.00,0,0,0.00,0.00,0,0
1415326748,total,11231030.00,11230833.00,22461862.00,11298218,11298416,10858.85,10855.86,21714.71,10921,10924,0.00,0.00,0,0
1415326749,s1-eth1,6046542.00,130350.00,6176892.00,130350,6046542,4003.00,1975.00,5978.00,1975,4003,0.00,0.00,0,0
1415326749,s1-eth2,130350.00,6022318.00,6152668.00,6022318,130350,1975.00,3987.00,5962.00,3987,1975,0.00,0.00,0,0
1415326749,s2-eth1,6022318.00,130350.00,6152668.00,130350,6022318,3987.00,1975.00,5962.00,1975,3987,0.00,0.00,0,0
1415326749,s2-eth2,130284.00,6002636.00,6132920.00,6002636,130284,1974.00,3974.00,5948.00,3974,1974,0.00,0.00,0,0
1415326749,eth0,0.00,0.00,0.00,0,0,0.00,0.00,0.00,0,0,0.00,0.00,0,0
1415326749,lo,0.00,0.00,0.00,0,0,0.00,0.00,0.00,0,0,0.00,0.00,0,0
1415326749,total,12329494.00,12285654.00,24615148.00,12285654,12329494,11939.00,11911.00,23850.00,11911,11939,0.00,0.00,0,0
1415326750,s1-eth1,5755458.00,110946.00,5866404.00,110946,5755458,3805.00,1681.00,5486.00,1681,3805,0.00,0.00,0,0
1415326750,s1-eth2,110946.00,5758486.00,5869432.00,5758486,110946,1681.00,3807.00,5488.00,3807,1681,0.00,0.00,0,0
1415326750,s2-eth1,5758486.00,110946.00,5869432.00,110946,5758486,3807.00,1681.00,5488.00,1681,3807,0.00,0.00,0,0
1415326750,s2-eth2,110946.00,5767570.00,5878516.00,5767570,110946,1681.00,3813.00,5494.00,3813,1681,0.00,0.00,0,0
1415326750,eth0,0.00,0.00,0.00,0,0,0.00,0.00,0.00,0,0,0.00,0.00,0,0
1415326750,lo,344.00,344.00,688.00,344,344,6.00,6.00,12.00,6,6,0.00,0.00,0,0
1415326750,total,11736180.00,11748292.00,23484472.00,11748292,11736180,10980.00,10988.00,21968.00,10988,10980,0.00,0.00,0,0
1415326751,s1-eth1,5841285.00,124615.39,5965900.50,124740,5847126,3863.14,1888.11,5751.25,1890,3867,0.00,0.00,0,0
1415326751,s1-eth2,124615.39,5836747.50,5961363.00,5842584,124740,1888.11,3860.14,5748.25,3864,1890,0.00,0.00,0,0
1415326751,s2-eth1,5836747.50,124615.39,5961363.00,124740,5842584,3860.14,1888.11,5748.25,1890,3864,0.00,0.00,0,0
1415326751,s2-eth2,124549.45,5841285.00,5965834.50,5847126,124674,1887.11,3863.14,5750.25,3867,1889,0.00,0.00,0,0
1415326751,eth0,0.00,0.00,0.00,0,0,0.00,0.00,0.00,0,0,0.00,0.00,0,0
1415326751,lo,0.00,0.00,0.00,0,0,0.00,0.00,0.00,0,0,0.00,0.00,0,0
1415326751,total,11927197.00,11927263.00,23854460.00,11939190,11939124,11498.50,11499.50,22998.00,11511,11510,0.00,0.00,0,0
1415326752,s1-eth1,5960620.00,123420.00,6084040.00,123420,5960620,3942.00,1870.00,5812.00,1870,3942,0.00,0.00,0,0
1415326752,s1-eth2,123420.00,5971218.00,6094638.00,5971218,123420,1870.00,3949.00,5819.00,3949,1870,0.00,0.00,0,0
1415326752,s2-eth1,5971218.00,123420.00,6094638.00,123420,5971218,3949.00,1870.00,5819.00,1870,3949,0.00,0.00,0,0
1415326752,s2-eth2,123552.00,5966676.00,6090228.00,5966676,123552,1872.00,3946.00,5818.00,3946,1872,0.00,0.00,0,0
1415326752,eth0,0.00,0.00,0.00,0,0,0.00,0.00,0.00,0,0,0.00,0.00,0,0
1415326752,lo,0.00,0.00,0.00,0,0,0.00,0.00,0.00,0,0,0.00,0.00,0,0
1415326752,total,12178810.00,12184734.00,24363544.00,12184734,12178810,11633.00,11635.00,23268.00,11635,11633,0.00,0.00,0,0
1415326753,s1-eth1,6076985.00,126560.08,6203545.00,127446,6119524,4017.87,1917.58,5935.45,1931,4046,0.00,0.00,0,0
1415326753,s1-eth2,126494.54,6090516.50,6217011.00,6133150,127380,1916.58,4026.81,5943.40,4055,1930,0.00,0.00,0,0
1415326753,s2-eth1,6090516.50,126494.54,6217011.00,127380,6133150,4026.81,1916.58,5943.40,1930,4055,0.00,0.00,0,0
1415326753,s2-eth2,126429.00,6095027.00,6221456.00,6137692,127314,1915.59,4029.79,5945.38,4058,1929,0.00,0.00,0,0
1415326753,eth0,89.37,89.37,178.75,90,90,0.99,0.99,1.99,1,1,0.00,0.00,0,0
1415326753,lo,0.00,0.00,0.00,0,0,0.00,0.00,0.00,0,0,0.00,0.00,0,0
1415326753,total,12420515.00,12438687.00,24859202.00,12525758,12507458,11877.86,11891.76,23769.61,11975,11961,0.00,0.00,0,0
1415326754,s1-eth1,5435796.50,117443.12,5553239.50,117678,5446668,3594.81,1779.44,5374.25,1783,3602,0.00,0.00,0,0
1415326754,s1-eth2,117377.25,5422198.00,5539575.00,5433042,117612,1778.44,3585.83,5364.27,3593,1782,0.00,0.00,0,0
1415326754,s2-eth1,5422198.00,117377.25,5539575.00,117612,5433042,3585.83,1778.44,5364.27,1782,3593,0.00,0.00,0,0
1415326754,s2-eth2,117179.64,5419176.00,5536355.50,5430014,117414,1775.45,3583.83,5359.28,3591,1779,0.00,0.00,0,0
1415326754,eth0,0.00,0.00,0.00,0,0,0.00,0.00,0.00,0,0,0.00,0.00,0,0
1415326754,lo,0.00,0.00,0.00,0,0,0.00,0.00,0.00,0,0,0.00,0.00,0,0
1415326754,total,11103633.00,11087259.00,22190892.00,11098346,11114736,10745.26,10738.26,21483.52,10749,10756,0.00,0.00,0,0
1415326755,s1-eth1,6156470.00,128964.00,6285434.00,128964,6156470,4075.00,1954.00,6029.00,1954,4075,0.00,0.00,0,0
1415326755,s1-eth2,129228.00,6150414.00,6279642.00,6150414,129228,1958.00,4071.00,6029.00,4071,1958,0.00,0.00,0,0
1415326755,s2-eth1,6150414.00,129228.00,6279642.00,129228,6150414,4071.00,1958.00,6029.00,1958,4071,0.00,0.00,0,0
1415326755,s2-eth2,129624.00,6151928.00,6281552.00,6151928,129624,1964.00,4072.00,6036.00,4072,1964,0.00,0.00,0,0
1415326755,eth0,0.00,0.00,0.00,0,0,0.00,0.00,0.00,0,0,0.00,0.00,0,0
1415326755,lo,344.00,344.00,688.00,344,344,6.00,6.00,12.00,6,6,0.00,0.00,0,0
1415326755,total,12566080.00,12560878.00,25126958.00,12560878,12566080,12074.00,12061.00,24135.00,12061,12074,0.00,0.00,0,0
1415326756,s1-eth1,6181024.00,118008.00,6299032.00,118008,6181024,4088.00,1788.00,5876.00,1788,4088,0.00,0.00,0,0
1415326756,s1-eth2,117942.00,6184052.00,6301994.00,6184052,117942,1787.00,4090.00,5877.00,4090,1787,0.00,0.00,0,0
1415326756,s2-eth1,6184052.00,117942.00,6301994.00,117942,6184052,4090.00,1787.00,5877.00,1787,4090,0.00,0.00,0,0
1415326756,s2-eth2,117744.00,6176482.00,6294226.00,6176482,117744,1784.00,4085.00,5869.00,4085,1784,0.00,0.00,0,0
1415326756,eth0,0.00,0.00,0.00,0,0,0.00,0.00,0.00,0,0,0.00,0.00,0,0
1415326756,lo,0.00,0.00,0.00,0,0,0.00,0.00,0.00,0,0,0.00,0.00,0,0
1415326756,total,12600762.00,12596484.00,25197246.00,12596484,12600762,11749.00,11750.00,23499.00,11750,11749,0.00,0.00,0,0
1415326757,s1-eth1,6063864.50,130483.52,6194348.00,130614,6069928,4011.99,1977.02,5989.01,1979,4016,0.00,0.00,0,0
1415326757,s1-eth2,129758.24,6068402.00,6198160.00,6074470,129888,1966.03,4014.99,5981.02,4019,1968,0.00,0.00,0,0
1415326757,s2-eth1,6068402.00,129758.24,6198160.00,129888,6074470,4014.99,1966.03,5981.02,1968,4019,0.00,0.00,0,0
1415326757,s2-eth2,129956.05,6077476.50,6207432.50,6083554,130086,1969.03,4020.98,5990.01,4025,1971,0.00,0.00,0,0
1415326757,eth0,0.00,0.00,0.00,0,0,0.00,0.00,0.00,0,0,0.00,0.00,0,0
1415326757,lo,0.00,0.00,0.00,0,0,0.00,0.00,0.00,0,0,0.00,0.00,0,0
1415326757,total,12391980.00,12406120.00,24798100.00,12418526,12404372,11962.04,11979.02,23941.06,11991,11974,0.00,0.00,0,0
1415326758,s1-eth1,3994907.25,79318.68,4074226.00,79398,3998902,2644.36,1201.80,3846.15,1203,2647,0.00,0.00,0,0
1415326758,s1-eth2,80109.89,4000957.25,4081067.00,4004958,80190,1213.79,2648.35,3862.14,2651,1215,0.00,0.00,0,0
1415326758,s2-eth1,4000957.25,80109.89,4081067.00,80190,4004958,2648.35,1213.79,3862.14,1215,2651,0.00,0.00,0,0
1415326758,s2-eth2,80109.89,3997932.25,4078042.00,4001930,80190,1213.79,2646.35,3860.14,2649,1215,0.00,0.00,0,0
1415326758,eth0,59.94,59.94,119.88,60,60,1.00,1.00,2.00,1,1,0.00,0.00,0,0
1415326758,lo,0.00,0.00,0.00,0,0,0.00,0.00,0.00,0,0,0.00,0.00,0,0
1415326758,total,8156144.00,8158378.00,16314522.00,8166536,8164300,7721.28,7711.29,15432.57,7719,7729,0.00,0.00,0,0
1415326759,s1-eth1,4315430.00,91542.00,4406972.00,91542,4315430,2855.00,1387.00,4242.00,1387,2855,0.00,0.00,0,0
1415326759,s1-eth2,91410.00,4303318.00,4394728.00,4303318,91410,1385.00,2847.00,4232.00,2847,1385,0.00,0.00,0,0
1415326759,s2-eth1,4303318.00,91410.00,4394728.00,91410,4303318,2847.00,1385.00,4232.00,1385,2847,0.00,0.00,0,0
1415326759,s2-eth2,91212.00,4306346.00,4397558.00,4306346,91212,1382.00,2849.00,4231.00,2849,1382,0.00,0.00,0,0
1415326759,eth0,0.00,416.00,416.00,416,0,0.00,2.00,2.00,2,0,0.00,0.00,0,0
1415326759,lo,0.00,0.00,0.00,0,0,0.00,0.00,0.00,0,0,0.00,0.00,0,0
1415326759,total,8801370.00,8793032.00,17594402.00,8793032,8801370,8469.00,8470.00,16939.00,8470,8469,0.00,0.00,0,0
1415326760,s1-eth1,6133108.50,123610.73,6256719.00,124476,6176040,4059.58,1872.89,5932.47,1886,4088,0.00,0.00,0,0
1415326760,s1-eth2,123741.80,6131605.00,6255346.50,6174526,124608,1874.88,4058.59,5933.47,4087,1888,0.00,0.00,0,0
1415326760,s2-eth1,6131605.00,123741.80,6255346.50,124608,6174526,4058.59,1874.88,5933.47,1888,4087,0.00,0.00,0,0
1415326760,s2-eth2,123938.43,6130101.50,6254040.00,6173012,124806,1877.86,4057.60,5935.45,4086,1891,0.00,0.00,0,0
1415326760,eth0,0.00,0.00,0.00,0,0,0.00,0.00,0.00,0,0,0.00,0.00,0,0
1415326760,lo,341.61,341.61,683.22,344,344,5.96,5.96,11.92,6,6,0.00,0.00,0,0
1415326760,total,12512735.00,12509400.00,25022136.00,12596966,12600324,11876.86,11869.91,23746.77,11953,11960,0.00,0.00,0,0
1415326761,s1-eth1,2672627.50,59010.99,2731638.50,59070,2675300,1768.23,894.11,2662.34,895,1770,0.00,0.00,0,0
1415326761,s1-eth2,59010.99,2662040.00,2721051.00,2664702,59070,894.11,1761.24,2655.34,1763,895,0.00,0.00,0,0
1415326761,s2-eth1,2662040.00,59010.99,2721051.00,59070,2664702,1761.24,894.11,2655.34,895,1763,0.00,0.00,0,0
1415326761,s2-eth2,59010.99,2642377.75,2701388.75,2645020,59070,894.11,1748.25,2642.36,1750,895,0.00,0.00,0,0
1415326761,eth0,0.00,0.00,0.00,0,0,0.00,0.00,0.00,0,0,0.00,0.00,0,0
1415326761,lo,0.00,0.00,0.00,0,0,0.00,0.00,0.00,0,0,0.00,0.00,0,0
1415326761,total,5452689.50,5422439.50,10875129.00,5427862,5458142,5317.68,5297.70,10615.38,5303,5323,0.00,0.00,0,0
1415326762,s1-eth1,0.00,0.00,0.00,0,0,0.00,0.00,0.00,0,0,0.00,0.00,0,0
1415326762,s1-eth2,0.00,0.00,0.00,0,0,0.00,0.00,0.00,0,0,0.00,0.00,0,0
1415326762,s2-eth1,0.00,0.00,0.00,0,0,0.00,0.00,0.00,0,0,0.00,0.00,0,0
1415326762,s2-eth2,0.00,0.00,0.00,0,0,0.00,0.00,0.00,0,0,0.00,0.00,0,0
1415326762,eth0,0.00,0.00,0.00,0,0,0.00,0.00,0.00,0,0,0.00,0.00,0,0
1415326762,lo,0.00,0.00,0.00,0,0,0.00,0.00,0.00,0,0,0.00,0.00,0,0
1415326762,total,0.00,0.00,0.00,0,0,0.00,0.00,0.00,0,0,0.00,0.00,0,0
1415326763,s1-eth1,0.00,0.00,0.00,0,0,0.00,0.00,0.00,0,0,0.00,0.00,0,0
1415326763,s1-eth2,0.00,0.00,0.00,0,0,0.00,0.00,0.00,0,0,0.00,0.00,0,0
1415326763,s2-eth1,0.00,0.00,0.00,0,0,0.00,0.00,0.00,0,0,0.00,0.00,0,0
1415326763,s2-eth2,0.00,0.00,0.00,0,0,0.00,0.00,0.00,0,0,0.00,0.00,0,0
1415326763,eth0,0.00,0.00,0.00,0,0,0.00,0.00,0.00,0,0,0.00,0.00,0,0
1415326763,lo,0.00,0.00,0.00,0,0,0.00,0.00,0.00,0,0,0.00,0.00,0,0
1415326763,total,0.00,0.00,0.00,0,0,0.00,0.00,0.00,0,0,0.00,0.00,0,0
1415326764,s1-eth1,0.00,0.00,0.00,0,0,0.00,0.00,0.00,0,0,0.00,0.00,0,0
1415326764,s1-eth2,0.00,0.00,0.00,0,0,0.00,0.00,0.00,0,0,0.00,0.00,0,0
1415326764,s2-eth1,0.00,0.00,0.00,0,0,0.00,0.00,0.00,0,0,0.00,0.00,0,0
1415326764,s2-eth2,0.00,0.00,0.00,0,0,0.00,0.00,0.00,0,0,0.00,0.00,0,0
1415326764,eth0,0.00,86.00,86.00,86,0,0.00,1.00,1.00,1,0,0.00,0.00,0,0
1415326764,lo,0.00,0.00,0.00,0,0,0.00,0.00,0.00,0,0,0.00,0.00,0,0
1415326764,total,0.00,86.00,86.00,86,0,0.00,1.00,1.00,1,0,0.00,0.00,0,0
1415326765,s1-eth1,0.00,0.00,0.00,0,0,0.00,0.00,0.00,0,0,0.00,0.00,0,0
1415326765,s1-eth2,0.00,0.00,0.00,0