1415339767,s1-eth1,0.00,0.00,0.00,0,0,0.00,0.00,0.00,0,0,0.00,0.00,0,0
1415339767,s1-eth3,0.00,0.00,0.00,0,0,0.00,0.00,0.00,0,0,0.00,0.00,0,0
1415339767,s1-eth2,0.00,0.00,0.00,0,0,0.00,0.00,0.00,0,0,0.00,0.00,0,0
1415339767,s2-eth1,0.00,0.00,0.00,0,0,0.00,0.00,0.00,0,0,0.00,0.00,0,0
1415339767,s2-eth3,0.00,0.00,0.00,0,0,0.00,0.00,0.00,0,0,0.00,0.00,0,0
1415339767,s2-eth2,0.00,0.00,0.00,0,0,0.00,0.00,0.00,0,0,0.00,0.00,0,0
1415339767,s3-eth1,0.00,0.00,0.00,0,0,0.00,0.00,0.00,0,0,0.00,0.00,0,0
1415339767,s3-eth2,0.00,0.00,0.00,0,0,0.00,0.00,0.00,0,0,0.00,0.00,0,0
1415339767,eth0,0.00,0.00,0.00,0,0,0.00,0.00,0.00,0,0,0.00,0.00,0,0
1415339767,lo,0.00,0.00,0.00,0,0,0.00,0.00,0.00,0,0,0.00,0.00,0,0
1415339767,s0-eth1,0.00,0.00,0.00,0,0,0.00,0.00,0.00,0,0,0.00,0.00,0,0
1415339767,s0-eth3,0.00,0.00,0.00,0,0,0.00,0.00,0.00,0,0,0.00,0.00,0,0
1415339767,s0-eth2,0.00,0.00,0.00,0,0,0.00,0.00,0.00,0,0,0.00,0.00,0,0
1415339767,total,0.00,0.00,0.00,0,0,0.00,0.00,0.00,0,0,0.00,0.00,0,0
1415339768,s1-eth1,667558.88,16169.66,683728.56,16202,668894,456.09,244.51,700.60,245,457,0.00,0.00,0,0
1415339768,s1-eth3,10375.62,424485.53,434861.16,424910,10386,156.84,292.71,449.55,293,157,0.00,0.00,0,0
1415339768,s1-eth2,5814.19,243740.27,249554.45,243984,5820,87.91,163.84,251.75,164,88,0.00,0.00,0,0
1415339768,s2-eth1,424485.53,10375.62,434861.16,10386,424910,292.71,156.84,449.55,157,293,0.00,0.00,0,0
1415339768,s2-eth3,3510.49,138207.80,141718.28,138346,3514,52.95,98.90,151.85,99,53,0.00,0.00,0,0
1415339768,s2-eth2,7001.00,286277.72,293278.72,286564,7008,105.89,193.81,299.70,194,106,0.00,0.00,0,0
1415339768,s3-eth1,138207.80,3510.49,141718.28,3514,138346,98.90,52.95,151.85,53,99,0.00,0.00,0,0
1415339768,s3-eth2,3510.49,138207.80,141718.28,138346,3514,52.95,98.90,151.85,99,53,0.00,0.00,0,0
1415339768,eth0,0.00,0.00,0.00,0,0,0.00,0.00,0.00,0,0,0.00,0.00,0,0
1415339768,lo,14105.89,14105.89,28211.79,14120,14120,122.88,122.88,245.75,123,123,0.00,0.00,0,0
1415339768,s0-eth1,827266.75,23050.95,850317.69,23074,828094,564.44,348.65,913.09,349,565,0.00,0.00,0,0
1415339768,s0-eth3,16185.81,668225.81,684411.62,668894,16202,244.76,456.54,701.30,457,245,0.00,0.00,0,0
1415339768,s0-eth2,6935.06,290749.25,297684.31,291040,6942,104.90,195.80,300.70,196,105,0.00,0.00,0,0
1415339768,total,2125624.50,2257123.00,4382747.50,2259380,2127750,2341.66,2426.57,4768.23,2429,2344,0.00,0.00,0,0
1415339769,s1-eth1,955684.31,21762.24,977446.56,21784,956640,635.36,329.67,965.03,330,636,0.00,0.00,0,0
1415339769,s1-eth3,14707.29,646893.12,661600.44,647540,14722,222.78,429.57,652.35,430,223,0.00,0.00,0,0
1415339769,s1-eth2,7190.81,311816.19,319007.00,312128,7198,108.89,207.79,316.68,208,109,0.00,0.00,0,0
1415339769,s2-eth1,646893.12,14707.29,661600.44,14722,647540,429.57,222.78,652.35,223,430,0.00,0.00,0,0
1415339769,s2-eth3,7396.00,324936.00,332332.00,324936,7396,112.00,216.00,328.00,216,112,0.00,0.00,0,0
1415339769,s2-eth2,7330.00,324118.00,331448.00,324118,7330,111.00,215.00,326.00,215,111,0.00,0.00,0,0
1415339769,s3-eth1,324936.00,7396.00,332332.00,7396,324936,216.00,112.00,328.00,112,216,0.00,0.00,0,0
1415339769,s3-eth2,7396.00,324936.00,332332.00,324936,7396,112.00,216.00,328.00,216,112,0.00,0.00,0,0
1415339769,eth0,0.00,0.00,0.00,0,0,0.00,0.00,0.00,0,0,0.00,0.00,0,0
1415339769,lo,1072.00,1072.00,2144.00,1072,1072,12.00,12.00,24.00,12,12,0.00,0.00,0,0
1415339769,s0-eth1,1251296.00,29110.00,1280406.00,29110,1251296,832.00,441.00,1273.00,441,832,0.00,0.00,0,0
1415339769,s0-eth3,21850.00,956640.00,978490.00,956640,21850,331.00,636.00,967.00,636,331,0.00,0.00,0,0
1415339769,s0-eth2,7330.00,313520.00,320850.00,313520,7330,111.00,208.00,319.00,208,111,0.00,0.00,0,0
1415339769,total,3254706.00,3277902.00,6532608.00,3277902,3254706,3235.00,3247.00,6482.00,3247,3235,0.00,0.00,0,0
1415339770,s1-eth1,942158.00,21402.00,963560.00,21402,942158,627.00,325.00,952.00,325,627,0.00,0.00,0,0
1415339770,s1-eth3,14406.00,634694.00,649100.00,634694,14406,219.00,423.00,642.00,423,219,0.00,0.00,0,0
1415339770,s1-eth2,7014.00,321174.00,328188.00,321174,7014,107.00,215.00,322.00,215,107,0.00,0.00,0,0
1415339770,s2-eth1,634694.00,14406.00,649100.00,14406,634694,423.00,219.00,642.00,219,423,0.00,0.00,0,0
1415339770,s2-eth3,7120.88,314719.28,321840.16,315034,7128,107.89,208.79,316.68,209,108,0.00,0.00,0,0
1415339770,s2-eth2,7336.66,317828.19,325164.84,318146,7344,111.89,212.79,324.68,213,112,0.00,0.00,0,0
1415339770,s3-eth1,314719.28,7120.88,321840.16,7128,315034,208.79,107.89,316.68,108,209,0.00,0.00,0,0
1415339770,s3-eth2,7120.88,314719.28,321840.16,315034,7128,107.89,208.79,316.68,209,108,0.00,0.00,0,0
1415339770,eth0,0.00,0.00,0.00,0,0,0.00,0.00,0.00,0,0,0.00,0.00,0,0
1415339770,lo,4035.96,4035.96,8071.93,4040,4040,39.96,39.96,79.92,40,40,0.00,0.00,0,0
1415339770,s0-eth1,1250619.38,28615.38,1279234.75,28644,1251870,830.17,433.57,1263.74,434,831,0.00,0.00,0,0
1415339770,s0-eth3,21314.69,941216.81,962531.50,942158,21336,323.68,626.37,950.05,627,324,0.00,0.00,0,0
1415339770,s0-eth2,7468.53,328415.59,335884.12,328744,7476,113.89,219.78,333.67,220,114,0.00,0.00,0,0
1415339770,total,3216411.75,3247356.75,6463768.50,3250604,3219628,3218.78,3238.76,6457.54,3242,3222,0.00,0.00,0,0
1415339771,s1-eth1,953274.75,21140.86,974415.62,21162,954228,633.37,320.68,954.05,321,634,0.00,0.00,0,0
1415339771,s1-eth3,13468.53,596247.75,609716.31,596844,13482,204.80,397.60,602.40,398,205,0.00,0.00,0,0
1415339771,s1-eth2,7822.18,340473.53,348295.72,340814,7830,118.88,226.77,345.65,227,119,0.00,0.00,0,0
1415339771,s2-eth1,596247.75,13468.53,609716.31,13482,596844,397.60,204.80,602.40,205,398,0.00,0.00,0,0
1415339771,s2-eth3,6389.61,287620.38,294010.00,287908,6396,97.90,193.81,291.71,194,98,0.00,0.00,0,0
1415339771,s2-eth2,7096.90,308711.31,315808.19,309020,7104,107.89,205.79,313.69,206,108,0.00,0.00,0,0
1415339771,s3-eth1,287620.38,6389.61,294010.00,6396,287908,193.81,97.90,291.71,98,194,0.00,0.00,0,0
1415339771,s3-eth2,6389.61,287620.38,294010.00,287908,6396,97.90,193.81,291.71,194,98,0.00,0.00,0,0
1415339771,eth0,0.00,0.00,0.00,0,0,0.00,0.00,0.00,0,0,0.00,0.00,0,0
1415339771,lo,5322.68,5322.68,10645.35,5328,5328,53.95,53.95,107.89,54,54,0.00,0.00,0,0
1415339771,s0-eth1,1251052.00,28380.00,1279432.00,28380,1251052,830.00,430.00,1260.00,430,830,0.00,0.00,0,0
1415339771,s0-eth3,21162.00,954228.00,975390.00,954228,21162,321.00,634.00,955.00,634,321,0.00,0.00,0,0
1415339771,s0-eth2,7236.00,321950.00,329186.00,321950,7236,110.00,215.00,325.00,215,110,0.00,0.00,0,0
1415339771,total,3164966.00,3173420.00,6338386.00,3173420,3164966,3169.00,3176.00,6345.00,3176,3169,0.00,0.00,0,0
1415339772,s1-eth1,961734.31,21032.97,982767.25,21054,962696,639.36,318.68,958.04,319,640,0.00,0.00,0,0
1415339772,s1-eth3,13912.09,625023.00,638935.06,625648,13926,210.79,415.58,626.37,416,211,0.00,0.00,0,0
1415339772,s1-eth2,7113.77,336375.25,343489.03,337048,7128,107.78,223.55,331.34,224,108,0.00,0.00,0,0
1415339772,s2-eth1,624399.19,13898.20,638297.44,13926,625648,415.17,210.58,625.75,211,416,0.00,0.00,0,0
1415339772,s2-eth3,7377.25,331842.31,339219.56,332506,7392,111.78,220.56,332.34,221,112,0.00,0.00,0,0
1415339772,s2-eth2,6586.83,292556.91,299143.72,293142,6600,99.80,194.61,294.41,195,100,0.00,0.00,0,0
1415339772,s3-eth1,331842.31,7377.25,339219.56,7392,332506,220.56,111.78,332.34,112,221,0.00,0.00,0,0
1415339772,s3-eth2,7377.25,331842.31,339219.56,332506,7392,111.78,220.56,332.34,221,112,0.00,0.00,0,0
1415339772,eth0,0.00,0.00,0.00,0,0,0.00,0.00,0.00,0,0,0.00,0.00,0,0
1415339772,lo,0.00,0.00,0.00,0,0,0.00,0.00,0.00,0,0,0.00,0.00,0,0
1415339772,s0-eth1,1246349.38,28323.35,1274672.75,28380,1248842,827.35,429.14,1256.49,430,829,0.00,0.00,0,0
1415339772,s0-eth3,21011.98,960774.50,981786.44,962696,21054,318.36,638.72,957.09,640,319,0.00,0.00,0,0
1415339772,s0-eth2,7311.38,337069.88,344381.25,337744,7326,110.78,223.55,334.33,224,111,0.00,0.00,0,0
1415339772,total,3234042.00,3285471.25,6519513.00,3292042,3240510,3172.65,3206.59,6379.24,3213,3179,0.00,0.00,0,0
1415339773,s1-eth1,1004657.38,22219.78,1026877.12,22242,1005662,666.33,336.66,1003.00,337,667,0.00,0.00,0,0
1415339773,s1-eth3,14637.36,689938.06,704575.44,690628,14652,221.78,457.54,679.32,458,222,0.00,0.00,0,0
1415339773,s1-eth2,7516.48,316231.78,323748.25,316548,7524,113.89,209.79,323.68,210,114,0.00,0.00,0,0
1415339773,s2-eth1,689938.06,14637.36,704575.44,14652,690628,457.54,221.78,679.32,222,458,0.00,0.00,0,0
1415339773,s2-eth3,7516.48,367656.34,375172.84,368024,7524,113.89,243.76,357.64,244,114,0.00,0.00,0,0
1415339773,s2-eth2,7054.95,335894.12,342949.06,336230,7062,106.89,222.78,329.67,223,107,0.00,0.00,0,0
1415339773,s3-eth1,367656.34,7516.48,375172.84,7524,368024,243.76,113.89,357.64,114,244,0.00,0.00,0,0
1415339773,s3-eth2,7516.48,367656.34,375172.84,368024,7524,113.89,243.76,357.64,244,114,0.00,0.00,0,0
1415339773,eth0,0.00,0.00,0.00,0,0,0.00,0.00,0.00,0,0,0.00,0.00,0,0
1415339773,lo,0.00,0.00,0.00,0,0,0.00,0.00,0.00,0,0,0.00,0.00,0,0
1415339773,s0-eth1,1249228.75,29406.59,1278635.38,29436,1250478,830.17,445.55,1275.72,446,831,0.00,0.00,0,0
1415339773,s0-eth3,22219.78,1006169.88,1028389.62,1007176,22242,336.66,667.33,1004.00,668,337,0.00,0.00,0,0
1415339773,s0-eth2,7252.75,316231.78,323484.53,316548,7260,109.89,209.79,319.68,210,110,0.00,0.00,0,0
1415339773,total,3385195.00,3473558.50,6858753.50,3477032,3388580,3314.69,3372.63,6687.31,3376,3318,0.00,0.00,0,0
1415339774,s1-eth1,934199.81,34002.00,968201.81,34036,935134,618.38,457.54,1075.92,458,619,0.00,0.00,0,0
1415339774,s1-eth3,17964.04,421288.72,439252.75,421710,17982,242.76,278.72,521.48,279,243,0.00,0.00,0,0
1415339774,s1-eth2,16103.90,511398.62,527502.50,511910,16120,215.78,338.66,554.45,339,216,0.00,0.00,0,0
1415339774,s2-eth1,421288.72,17964.04,439252.75,17982,421710,278.72,242.76,521.48,243,279,0.00,0.00,0,0
1415339774,s2-eth3,12563.44,380451.56,393015.00,380832,12576,179.82,251.75,431.57,252,180,0.00,0.00,0,0
1415339774,s2-eth2,5466.53,27224.78,32691.31,27252,5472,63.94,17.98,81.92,18,64,0.00,0.00,0,0
1415339774,s3-eth1,383476.53,12563.44,396039.97,12576,383860,253.75,179.82,433.57,180,254,0.00,0.00,0,0
1415339774,s3-eth2,12563.44,383476.53,396039.97,383860,12576,179.82,253.75,433.57,254,180,0.00,0.00,0,0
1415339774,eth0,0.00,0.00,0.00,0,0,0.00,0.00,0.00,0,0,0.00,0.00,0,0
1415339774,lo,0.00,0.00,0.00,0,0,0.00,0.00,0.00,0,0,0.00,0.00,0,0
1415339774,s0-eth1,1251766.25,44145.86,1295912.12,44190,1253018,828.17,586.41,1414.59,587,829,0.00,0.00,0,0
1415339774,s0-eth3,34002.00,932687.31,966689.31,933620,34036,457.54,617.38,1074.93,618,458,0.00,0.00,0,0
1415339774,s0-eth2,10077.92,253402.61,263480.53,253656,10088,127.87,167.83,295.70,168,128,0.00,0.00,0,0
1415339774,total,3099472.50,3018605.50,6118078.00,3021624,3102572,3446.55,3392.61,6839.16,3396,3450,0.00,0.00,0,0
1415339775,s1-eth1,1040936.00,22176.00,1063112.00,22176,1040936,688.00,336.00,1024.00,336,688,0.00,0.00,0,0
1415339775,s1-eth3,11814.00,575320.00,587134.00,575320,11814,179.00,380.00,559.00,380,179,0.00,0.00,0,0
1415339775,s1-eth2,10296.00,468644.00,478940.00,468644,10296,156.00,310.00,466.00,310,156,0.00,0.00,0,0
1415339775,s2-eth1,575320.00,11814.00,587134.00,11814,575320,380.00,179.00,559.00,179,380,0.00,0.00,0,0
1415339775,s2-eth3,9636.00,451172.00,460808.00,451172,9636,146.00,298.00,444.00,298,146,0.00,0.00,0,0
1415339775,s2-eth2,2178.00,124148.00,126326.00,124148,2178,33.00,82.00,115.00,82,33,0.00,0.00,0,0
1415339775,s3-eth1,447696.31,9626.37,457322.69,9636,448144,295.70,145.85,441.56,146,296,0.00,0.00,0,0
1415339775,s3-eth2,9626.37,450721.28,460347.66,451172,9636,145.85,297.70,443.56,298,146,0.00,0.00,0,0
1415339775,eth0,0.00,0.00,0.00,0,0,0.00,0.00,0.00,0,0,0.00,0.00,0,0
1415339775,lo,688.00,688.00,1376.00,688,688,12.00,12.00,24.00,12,12,0.00,0.00,0,0
1415339775,s0-eth1,1250742.00,27654.00,1278396.00,27654,1250742,827.00,419.00,1246.00,419,827,0.00,0.00,0,0
1415339775,s0-eth3,22176.00,1040936.00,1063112.00,1040936,22176,336.00,688.00,1024.00,688,336,0.00,0.00,0,0
1415339775,s0-eth2,5478.00,264950.00,270428.00,264950,5478,83.00,175.00,258.00,175,83,0.00,0.00,0,0
1415339775,total,3383660.50,3444865.25,6828525.50,3448310,3387044,3278.72,3319.68,6598.40,3323,3282,0.00,0.00,0,0
1415339776,s1-eth1,988420.75,21649.05,1010069.81,21714,991386,655.03,328.02,983.05,329,657,0.00,0.00,0,0
1415339776,s1-eth3,12305.08,560247.25,572552.38,561928,12342,186.44,370.89,557.33,372,187,0.00,0.00,0,0
1415339776,s1-eth2,9343.97,425154.53,434498.50,426430,9372,141.58,282.15,423.73,283,142,0.00,0.00,0,0
1415339776,s2-eth1,560247.25,12305.08,572552.38,12342,561928,370.89,186.44,557.33,187,372,0.00,0.00,0,0
1415339776,s2-eth3,8093.72,364015.97,372109.69,365108,8118,122.63,241.28,363.91,242,123,0.00,0.00,0,0
1415339776,s2-eth2,4211.37,196231.31,200442.67,196820,4224,63.81,129.61,193.42,130,64,0.00,0.00,0,0
1415339776,s3-eth1,364015.97,8093.72,372109.69,8118,365108,241.28,122.63,363.91,123,242,0.00,0.00,0,0
1415339776,s3-eth2,8093.72,360997.00,369090.72,362080,8118,122.63,239.28,361.91,240,123,0.00,0.00,0,0
1415339776,eth0,0.00,0.00,0.00,0,0,0.00,0.00,0.00,0,0,0.00,0.00,0,0
1415339776,lo,0.00,0.00,0.00,0,0,0.00,0.00,0.00,0,0,0.00,0.00,0,0
1415339776,s0-eth1,1241046.75,27450.75,1268497.50,27588,1247252,821.89,415.92,1237.81,418,826,0.00,0.00,0,0
1415339776,s0-eth3,21605.97,986453.69,1008059.69,991386,21714,327.36,653.73,981.09,657,329,0.00,0.00,0,0
1415339776,s0-eth2,5910.45,277190.03,283100.50,278576,5940,89.55,183.08,272.64,184,90,0.00,0.00,0,0
1415339776,total,3219405.00,3235910.50,6455315.50,3252090,3235502,3139.30,3149.25,6288.56,3165,3155,0.00,0.00,0,0
1415339777,s1-eth1,956233.88,20866.21,977100.12,21054,964840,634.29,316.15,950.45,319,640,0.00,0.00,0,0
1415339777,s1-eth3,13213.08,607187.31,620400.38,612652,13332,200.20,402.38,602.58,406,202,0.00,0.00,0,0
1415339777,s1-eth2,7653.12,361050.56,368703.66,364300,7722,115.96,239.84,355.80,242,117,0.00,0.00,0,0
1415339777,s2-eth1,607187.31,13213.08,620400.38,13332,612652,402.38,200.20,602.58,202,406,0.00,0.00,0,0
1415339777,s2-eth3,7653.12,349102.09,356755.22,352244,7722,115.96,231.91,347.87,234,117,0.00,0.00,0,0
1415339777,s2-eth2,5559.96,258085.23,263645.19,260408,5610,84.24,170.47,254.71,172,85,0.00,0.00,0,0
1415339777,s3-eth1,349102.09,7653.12,356755.22,7722,352244,231.91,115.96,347.87,117,234,0.00,0.00,0,0
1415339777,s3-eth2,7653.12,349102.09,356755.22,352244,7722,115.96,231.91,347.87,234,117,0.00,0.00,0,0
1415339777,eth0,89.20,89.20,178.39,90,90,0.99,0.99,1.98,1,1,0.00,0.00,0,0
1415339777,lo,0.00,0.00,0.00,0,0,0.00,0.00,0.00,0,0,0.00,0.00,0,0
1415339777,s0-eth1,1252572.00,27723.93,1280296.00,27918,1261340,828.20,420.06,1248.26,423,834,0.00,0.00,0,0
1415339777,s0-eth3,20907.65,958133.06,979040.75,964840,21054,316.78,635.55,952.33,640,319,0.00,0.00,0,0
1415339777,s0-eth2,6685.20,317233.38,323918.56,319454,6732,101.29,209.53,310.82,211,102,0.00,0.00,0,0
1415339777,total,3238391.25,3273344.50,6511736.00,3296258,3261060,3151.94,3178.75,6330.69,3201,3174,0.00,0.00,0,0
1415339778,s1-eth1,920307.44,28524.95,948832.38,28582,922148,608.78,392.22,1001.00,393,610,0.00,0.00,0,0
1415339778,s1-eth3,16417.17,596836.31,613253.50,598030,16450,230.54,394.21,624.75,395,231,0.00,0.00,0,0
1415339778,s1-eth2,12173.65,334047.91,346221.56,334716,12198,162.67,221.56,384.23,222,163,0.00,0.00,0,0
1415339778,s2-eth1,596836.31,16417.17,613253.50,16450,598030,394.21,230.54,624.75,231,395,0.00,0.00,0,0
1415339778,s2-eth3,9830.34,288596.81,298427.16,289174,9850,130.74,190.62,321.36,191,131,0.00,0.00,0,0
1415339778,s2-eth2,6520.96,308239.53,314760.50,308856,6534,98.80,203.59,302.40,204,99,0.00,0.00,0,0
1415339778,s3-eth1,288596.81,9830.34,298427.16,9850,289174,190.62,130.74,321.36,131,191,0.00,0.00,0,0
1415339778,s3-eth2,9830.34,291618.78,301449.12,292202,9850,130.74,192.61,323.35,193,131,0.00,0.00,0,0
1415339778,eth0,0.00,0.00,0.00,0,0,0.00,0.00,0.00,0,0,0.00,0.00,0,0
1415339778,lo,0.00,0.00,0.00,0,0,0.00,0.00,0.00,0,0,0.00,0.00,0,0
1415339778,s0-eth1,1249944.12,37902.20,1287846.38,37978,1252444,828.34,521.96,1350.30,523,830,0.00,0.00,0,0
1415339778,s0-eth3,28524.95,920307.44,948832.38,922148,28582,392.22,608.78,1001.00,610,393,0.00,0.00,0,0
1415339778,s0-eth2,9377.25,291618.78,300996.03,292202,9396,129.74,192.61,322.36,193,130,0.00,0.00,0,0
1415339778,total,3148359.25,3123940.25,6272299.50,3130188,3154656,3297.41,3279.44,6576.85,3286,3304,0.00,0.00,0,0
1415339779,s1-eth1,871192.81,28553.45,899746.25,28582,872064,575.42,400.60,976.02,401,576,0.00,0.00,0,0
1415339779,s1-eth3,18791.21,541470.56,560261.75,542012,18810,264.74,357.64,622.38,358,265,0.00,0.00,0,0
1415339779,s1-eth2,9696.30,307034.97,316731.28,307342,9706,134.87,202.80,337.66,203,135,0.00,0.00,0,0
1415339779,s2-eth1,541470.56,18791.21,560261.75,18810,542012,357.64,264.74,622.38,265,358,0.00,0.00,0,0
1415339779,s2-eth3,8997.00,258635.38,267632.38,258894,9006,126.87,170.83,297.70,171,127,0.00,0.00,0,0
1415339779,s2-eth2,9860.14,282835.19,292695.31,283118,9870,138.86,186.81,325.67,187,139,0.00,0.00,0,0
1415339779,s3-eth1,258635.38,8997.00,267632.38,9006,258894,170.83,126.87,297.70,127,171,0.00,0.00,0,0
1415339779,s3-eth2,8997.00,255610.39,264607.41,255866,9006,126.87,168.83,295.70,169,127,0.00,0.00,0,0
1415339779,eth0,0.00,0.00,0.00,0,0,0.00,0.00,0.00,0,0,0.00,0.00,0,0
1415339779,lo,0.00,0.00,0.00,0,0,0.00,0.00,0.00,0,0,0.00,0.00,0,0
1415339779,s0-eth1,1250827.25,37608.39,1288435.62,37646,1252078,826.17,522.48,1348.65,523,827,0.00,0.00,0,0
1415339779,s0-eth3,28553.45,871192.81,899746.25,872064,28582,400.60,575.42,976.02,576,401,0.00,0.00,0,0
1415339779,s0-eth2,9120.88,282835.19,291956.06,283118,9130,122.88,186.81,309.69,187,123,0.00,0.00,0,0
1415339779,total,3016142.00,2893564.50,5909706.50,2896458,3019158,3245.75,3163.84,6409.59,3167,3249,0.00,0.00,0,0
1415339780,s1-eth1,1076891.12,24667.33,1101558.50,24692,1077968,711.29,367.63,1078.92,368,712,0.00,0.00,0,0
1415339780,s1-eth3,15692.31,732044.00,747736.31,732776,15708,237.76,483.52,721.28,484,238,0.00,0.00,0,0
1415339780,s1-eth2,8975.03,350897.12,359872.12,351248,8984,129.87,231.77,361.64,232,130,0.00,0.00,0,0
1415339780,s2-eth1,732044.00,15692.31,747736.31,15708,732776,483.52,237.76,721.28,238,484,0.00,0.00,0,0
1415339780,s2-eth3,6923.08,337284.72,344207.81,337622,6930,104.90,222.78,327.67,223,105,0.00,0.00,0,0
1415339780,s2-eth2,8769.23,394759.25,403528.47,395154,8778,132.87,260.74,393.61,261,133,0.00,0.00,0,0
1415339780,s3-eth1,337284.72,6923.08,344207.81,6930,337622,222.78,104.90,327.67,105,223,0.00,0.00,0,0
1415339780,s3-eth2,6857.14,340309.69,347166.84,340650,6864,103.90,224.78,328.67,225,104,0.00,0.00,0,0
1415339780,eth0,0.00,0.00,0.00,0,0,0.00,0.00,0.00,0,0,0.00,0.00,0,0
1415339780,lo,687.31,687.31,1374.63,688,688,11.99,11.99,23.98,12,12,0.00,0.00,0,0
1415339780,s0-eth1,1249050.00,32748.00,1281798.00,32748,1249050,825.00,486.00,1311.00,486,825,0.00,0.00,0,0
1415339780,s0-eth3,24692.00,1077968.00,1102660.00,1077968,24692,368.00,712.00,1080.00,712,368,0.00,0.00,0,0
1415339780,s0-eth2,8122.00,296744.00,304866.00,296744,8122,119.00,196.00,315.00,196,119,0.00,0.00,0,0
1415339780,total,3478182.00,3612928.00,7091110.00,3612928,3478182,3453.00,3542.00,6995.00,3542,3453,0.00,0.00,0,0
1415339781,s1-eth1,995216.81,21494.51,1016711.31,21516,996212,657.34,325.67,983.02,326,658,0.00,0.00,0,0
1415339781,s1-eth3,13648.35,632219.81,645868.12,632852,13662,206.79,417.58,624.38,418,207,0.00,0.00,0,0
1415339781,s1-eth2,7912.09,356947.06,364859.16,357304,7920,119.88,235.76,355.64,236,120,0.00,0.00,0,0
1415339781,s2-eth1,632219.81,13648.35,645868.12,13662,632852,417.58,206.79,624.38,207,418,0.00,0.00,0,0
1415339781,s2-eth3,6131.87,282835.19,288967.03,283118,6138,92.91,186.81,279.72,187,93,0.00,0.00,0,0
1415339781,s2-eth2,7516.48,352409.59,359926.09,352762,7524,113.89,232.77,346.65,233,114,0.00,0.00,0,0
1415339781,s3-eth1,282835.19,6131.87,288967.03,6138,283118,186.81,92.91,279.72,93,187,0.00,0.00,0,0
1415339781,s3-eth2,6197.80,279810.19,286008.00,280090,6204,93.91,184.82,278.72,185,94,0.00,0.00,0,0
1415339781,eth0,0.00,0.00,0.00,0,0,0.00,0.00,0.00,0,0,0.00,0.00,0,0
1415339781,lo,0.00,0.00,0.00,0,0,0.00,0.00,0.00,0,0,0.00,0.00,0,0
1415339781,s0-eth1,1250827.25,27560.44,1278387.62,27588,1252078,826.17,417.58,1243.76,418,827,0.00,0.00,0,0
1415339781,s0-eth3,21494.51,995216.81,1016711.31,996212,21516,325.67,657.34,983.02,658,326,0.00,0.00,0,0
1415339781,s0-eth2,6065.93,275272.75,281338.66,275548,6072,91.91,181.82,273.73,182,92,0.00,0.00,0,0
1415339781,total,3230066.00,3243546.50,6473612.50,3246790,3233296,3132.87,3139.86,6272.73,3143,3136,0.00,0.00,0,0
1415339782,s1-eth1,972529.50,21494.51,994024.00,21516,973502,642.36,325.67,968.03,326,643,0.00,0.00,0,0
1415339782,s1-eth3,13912.09,633732.31,647644.38,634366,13926,210.79,418.58,629.37,419,211,0.00,0.00,0,0
1415339782,s1-eth2,7516.48,338797.22,346313.69,339136,7524,113.89,223.78,337.66,224,114,0.00,0.00,0,0
1415339782,s2-eth1,633732.31,13912.09,647644.38,13926,634366,418.58,210.79,629.37,211,419,0.00,0.00,0,0
1415339782,s2-eth3,5868.13,264685.31,270553.47,264950,5874,88.91,174.83,263.74,175,89,0.00,0.00,0,0
1415339782,s2-eth2,8043.96,366022.00,374065.94,366388,8052,121.88,241.76,363.64,242,122,0.00,0.00,0,0
1415339782,s3-eth1,264685.31,5868.13,270553.47,5874,264950,174.83,88.91,263.74,89,175,0.00,0.00,0,0
1415339782,s3-eth2,5868.13,264685.31,270553.47,264950,5874,88.91,174.83,263.74,175,89,0.00,0.00,0,0
1415339782,eth0,59.94,59.94,119.88,60,60,1.00,1.00,2.00,1,1,0.00,0.00,0,0
1415339782,lo,0.00,0.00,0.00,0,0,0.00,0.00,0.00,0,0,0.00,0.00,0,0
1415339782,s0-eth1,1234189.88,27296.70,1261486.50,27324,1235424,815.18,413.59,1228.77,414,816,0.00,0.00,0,0
1415339782,s0-eth3,21494.51,972529.50,994024.00,973502,21516,325.67,642.36,968.03,643,326,0.00,0.00,0,0
1415339782,s0-eth2,5802.20,269222.78,275024.97,269492,5808,87.91,177.82,265.73,178,88,0.00,0.00,0,0
1415339782,total,3173702.50,3178305.75,6352008.00,3181484,3176876,3089.91,3093.91,6183.82,3097,3093,0.00,0.00,0,0
1415339783,s1-eth1,982173.88,21626.38,1003800.25,21648,983156,649.35,327.67,977.02,328,650,0.00,0.00,0,0
1415339783,s1-eth3,14637.36,669088.94,683726.31,669758,14652,221.78,442.56,664.34,443,222,0.00,0.00,0,0
1415339783,s1-eth2,7054.95,313084.94,320139.88,313398,7062,106.89,206.79,313.69,207,107,0.00,0.00,0,0
1415339783,s2-eth1,669088.94,14637.36,683726.31,14652,669758,442.56,221.78,664.34,222,443,0.00,0.00,0,0
1415339783,s2-eth3,6659.34,304010.00,310669.34,304314,6666,100.90,200.80,301.70,201,101,0.00,0.00,0,0
1415339783,s2-eth2,7912.09,365078.94,372991.03,365444,7920,119.88,241.76,361.64,242,120,0.00,0.00,0,0
1415339783,s3-eth1,304010.00,6659.34,310669.34,6666,304314,200.80,100.90,301.70,101,201,0.00,0.00,0,0
1415339783,s3-eth2,6593.41,304010.00,310603.41,304314,6600,99.90,200.80,300.70,201,100,0.00,0.00,0,0
1415339783,eth0,0.00,0.00,0.00,0,0,0.00,0.00,0.00,0,0,0.00,0.00,0,0
1415339783,lo,0.00,0.00,0.00,0,0,0.00,0.00,0.00,0,0,0.00,0.00,0,0
1415339783,s0-eth1,1249884.12,27494.51,1277378.62,27522,1251134,826.17,416.58,1242.76,417,827,0.00,0.00,0,0
1415339783,s0-eth3,21626.38,982173.88,1003800.25,983156,21648,327.67,649.35,977.02,650,328,0.00,0.00,0,0
1415339783,s0-eth2,5802.20,267710.31,273512.50,267978,5808,87.91,176.82,264.74,177,88,0.00,0.00,0,0
1415339783,total,3275442.75,3275574.50,6551017.00,3278850,3278718,3183.82,3185.81,6369.63,3189,3187,0.00,0.00,0,0
1415339784,s1-eth1,996907.12,21692.31,1018599.44,21714,997904,659.34,328.67,988.01,329,660,0.00,0.00,0,0
1415339784,s1-eth3,14109.89,652059.94,666169.88,652712,14124,213.79,431.57,645.35,432,214,0.00,0.00,0,0
1415339784,s1-eth2,7582.42,344847.16,352429.59,345192,7590,114.89,227.77,342.66,228,115,0.00,0.00,0,0
1415339784,s2-eth1,652059.94,14109.89,666169.88,14124,652712,431.57,213.79,645.35,214,432,0.00,0.00,0,0
1415339784,s2-eth3,6329.67,294935.06,301264.75,295230,6336,95.90,194.81,290.71,195,96,0.00,0.00,0,0
1415339784,s2-eth2,7780.22,357124.88,364905.09,357482,7788,117.88,236.76,354.65,237,118,0.00,0.00,0,0
1415339784,s3-eth1,294935.06,6329.67,301264.75,6336,295230,194.81,95.90,290.71,96,195,0.00,0.00,0,0
1415339784,s3-eth2,6395.60,294935.06,301330.69,295230,6402,96.90,194.81,291.71,195,97,0.00,0.00,0,0
1415339784,eth0,0.00,309.69,309.69,310,0,0.00,2.00,2.00,2,0,0.00,0.00,0,0
1415339784,lo,0.00,0.00,0.00,0,0,0.00,0.00,0.00,0,0,0.00,0.00,0,0
1415339784,s0-eth1,1251005.00,27428.57,1278433.62,27456,1252256,827.17,415.58,1242.76,416,828,0.00,0.00,0,0
1415339784,s0-eth3,21692.31,996907.12,1018599.44,997904,21714,328.67,659.34,988.01,660,329,0.00,0.00,0,0
1415339784,s0-eth2,5736.26,267710.31,273446.56,267978,5742,86.91,176.82,263.74,177,87,0.00,0.00,0,0
1415339784,total,3264533.50,3278389.75,6542923.50,3281668,3267798,3167.83,3177.82,6345.65,3181,3171,0.00,0.00,0,0
1415339785,s1-eth1,952989.06,28679.32,981668.38,28708,953942,630.37,401.60,1031.97,402,631,0.00,0.00,0,0
1415339785,s1-eth3,18093.91,630829.19,648923.12,631460,18112,251.75,417.58,669.33,418,252,0.00,0.00,0,0
1415339785,s1-eth2,10519.48,326697.31,337216.78,327024,10530,148.85,215.78,364.64,216,149,0.00,0.00,0,0
1415339785,s2-eth1,630829.19,18093.91,648923.12,18112,631460,417.58,251.75,669.33,252,418,0.00,0.00,0,0
1415339785,s2-eth3,7252.75,332747.25,340000.00,333080,7260,109.89,219.78,329.67,220,110,0.00,0.00,0,0
1415339785,s2-eth2,10907.09,298081.94,308989.03,298380,10918,142.86,197.80,340.66,198,143,0.00,0.00,0,0
1415339785,s3-eth1,332747.25,7252.75,340000.00,7260,333080,219.78,109.89,329.67,110,220,0.00,0.00,0,0
1415339785,s3-eth2,7252.75,332747.25,340000.00,333080,7260,109.89,219.78,329.67,220,110,0.00,0.00,0,0
1415339785,eth0,0.00,85.91,85.91,86,0,0.00,1.00,1.00,1,0,0.00,0.00,0,0
1415339785,lo,687.31,687.31,1374.63,688,688,11.99,11.99,23.98,12,12,0.00,0.00,0,0
1415339785,s0-eth1,1249356.62,38149.85,1287506.50,38188,1250606,826.17,531.47,1357.64,532,827,0.00,0.00,0,0
1415339785,s0-eth3,28679.32,952989.06,981668.38,953942,28708,401.60,630.37,1031.97,631,402,0.00,0.00,0,0
1415339785,s0-eth2,9536.46,267630.38,277166.84,267898,9546,130.87,176.82,307.69,177,131,0.00,0.00,0,0
1415339785,total,3258851.25,3234671.50,6493522.50,3237906,3262110,3401.60,3385.61,6787.21,3389,3405,0.00,0.00,0,0
1415339786,s1-eth1,1047962.06,22417.58,1070379.62,22440,1049010,692.31,339.66,1031.97,340,693,0.00,0.00,0,0
1415339786,s1-eth3,15874.25,735654.69,751528.94,737126,15906,240.52,486.03,726.55,487,241,0.00,0.00,0,0
1415339786,s1-eth2,6586.83,309750.50,316337.34,310370,6600,99.80,204.59,304.39,205,100,0.00,0.00,0,0
1415339786,s2-eth1,735654.69,15874.25,751528.94,15906,737126,486.03,240.52,726.55,241,487,0.00,0.00,0,0
1415339786,s2-eth3,8431.14,394173.66,402604.81,394962,8448,127.74,260.48,388.22,261,128,0.00,0.00,0,0
1415339786,s2-eth2,7377.25,342992.03,350369.28,343678,7392,111.78,226.55,338.32,227,112,0.00,0.00,0,0
1415339786,s3-eth1,397195.62,8497.01,405692.62,8514,397990,262.48,128.74,391.22,129,263,0.00,0.00,0,0
1415339786,s3-eth2,8497.01,398706.59,407203.59,399504,8514,128.74,263.47,392.22,264,129,0.00,0.00,0,0
1415339786,eth0,0.00,0.00,0.00,0,0,0.00,0.00,0.00,0,0,0.00,0.00,0,0
1415339786,lo,0.00,0.00,0.00,0,0,0.00,0.00,0.00,0,0,0.00,0.00,0,0
1415339786,s0-eth1,1250898.25,27862.28,1278760.50,27918,1253400,826.35,422.16,1248.50,423,828,0.00,0.00,0,0
1415339786,s0-eth3,22461.08,1049938.12,1072399.25,1052038,22506,340.32,693.61,1033.93,695,341,0.00,0.00,0,0
1415339786,s0-eth2,5401.20,247800.41,253201.61,248296,5412,81.84,163.67,245.51,164,82,0.00,0.00,0,0
1415339786,total,3505293.50,3553644.75,7058938.50,3560752,3512304,3397.21,3429.14,6826.35,3436,3404,0.00,0.00,0,0
1415339787,s1-eth1,1008367.69,25696.30,1034063.94,25722,1009376,667.33,370.63,1037.96,371,668,0.00,0.00,0,0
1415339787,s1-eth3,17586.41,634783.25,652369.62,635418,17604,247.75,420.58,668.33,421,248,0.00,0.00,0,0
1415339787,s1-eth2,8043.96,373584.44,381628.38,373958,8052,121.88,246.75,368.63,247,122,0.00,0.00,0,0
1415339787,s2-eth1,634783.25,17586.41,652369.62,17604,635418,420.58,247.75,668.33,248,421,0.00,0.00,0,0
1415339787,s2-eth3,10146.00,292324.00,302470.00,292324,10146,135.00,194.00,329.00,194,135,0.00,0.00,0,0
1415339787,s2-eth2,7524.00,341580.00,349104.00,341580,7524,114.00,226.00,340.00,226,114,0.00,0.00,0,0
1415339787,s3-eth1,289296.00,10080.00,299376.00,10080,289296,192.00,134.00,326.00,134,192,0.00,0.00,0,0
1415339787,s3-eth2,10080.00,287782.00,297862.00,287782,10080,134.00,191.00,325.00,191,134,0.00,0.00,0,0
1415339787,eth0,0.00,0.00,0.00,0,0,0.00,0.00,0.00,0,0,0.00,0.00,0,0
1415339787,lo,0.00,0.00,0.00,0,0,0.00,0.00,0.00,0,0,0.00,0.00,0,0
1415339787,s0-eth1,1250365.62,33752.25,1284117.88,33786,1251616,827.17,484.52,1311.69,485,828,0.00,0.00,0,0
1415339787,s0-eth3,25630.37,1005342.69,1030973.06,1006348,25656,369.63,665.33,1034.97,666,370,0.00,0.00,0,0
1415339787,s0-eth2,8121.88,240485.52,248607.41,240726,8130,114.89,158.84,273.73,159,115,0.00,0.00,0,0
1415339787,total,3269628.50,3262066.00,6531694.50,3265328,3272898,3343.66,3338.66,6682.32,3342,3347,0.00,0.00,0,0
1415339788,s1-eth1,905382.62,28617.38,934000.00,28646,906288,599.40,408.59,1007.99,409,600,0.00,0.00,0,0
1415339788,s1-eth3,20507.49,577196.81,597704.31,577774,20528,285.71,382.62,668.33,383,286,0.00,0.00,0,0
1415339788,s1-eth2,8175.82,373560.44,381736.28,373934,8184,123.88,246.75,370.63,247,124,0.00,0.00,0,0
1415339788,s2-eth1,577196.81,20507.49,597704.31,20528,577774,382.62,285.71,668.33,286,383,0.00,0.00,0,0
1415339788,s2-eth3,10485.51,321586.44,332071.94,321908,10496,143.86,213.79,357.64,214,144,0.00,0.00,0,0
1415339788,s2-eth2,9956.04,255610.39,265566.44,255866,9966,140.86,168.83,309.69,169,141,0.00,0.00,0,0
1415339788,s3-eth1,321586.44,10485.51,332071.94,10496,321908,213.79,143.86,357.64,144,214,0.00,0.00,0,0
1415339788,s3-eth2,10485.51,321586.44,332071.94,321908,10496,143.86,213.79,357.64,214,144,0.00,0.00,0,0
1415339788,eth0,0.00,0.00,0.00,0,0,0.00,0.00,0.00,0,0,0.00,0.00,0,0
1415339788,lo,0.00,0.00,0.00,0,0,0.00,0.00,0.00,0,0,0.00,0.00,0,0
1415339788,s0-eth1,1250229.75,35262.74,1285492.50,35298,1251480,827.17,498.50,1325.67,499,828,0.00,0.00,0,0
1415339788,s0-eth3,28617.38,905382.62,934000.00,906288,28646,408.59,599.40,1007.99,600,409,0.00,0.00,0,0
1415339788,s0-eth2,6579.42,196623.38,203202.80,196820,6586,88.91,129.87,218.78,130,89,0.00,0.00,0,0
1415339788,total,3149203.00,3046419.75,6195622.50,3049466,3152352,3358.64,3291.71,6650.35,3295,3362,0.00,0.00,0,0
1415339789,s1-eth1,1127676.38,23142.86,1150819.25,23166,1128804,745.25,350.65,1095.90,351,746,0.00,0.00,0,0
1415339789,s1-eth3,13912.09,658805.19,672717.31,659464,13926,210.79,435.56,646.35,436,211,0.00,0.00,0,0
1415339789,s1-eth2,9230.77,423496.50,432727.28,423920,9240,139.86,279.72,419.58,280,140,0.00,0.00,0,0
1415339789,s2-eth1,658805.19,13912.09,672717.31,13926,659464,435.56,210.79,646.35,211,436,0.00,0.00,0,0
1415339789,s2-eth3,7780.22,340309.69,348089.91,340650,7788,117.88,224.78,342.66,225,118,0.00,0.00,0,0
1415339789,s2-eth2,6197.80,318495.50,324693.31,318814,6204,93.91,210.79,304.70,211,94,0.00,0.00,0,0
1415339789,s3-eth1,340309.69,7780.22,348089.91,7788,340650,224.78,117.88,342.66,118,225,0.00,0.00,0,0
1415339789,s3-eth2,7780.22,340309.69,348089.91,340650,7788,117.88,224.78,342.66,225,118,0.00,0.00,0,0
1415339789,eth0,0.00,0.00,0.00,0,0,0.00,0.00,0.00,0,0,0.00,0.00,0,0
1415339789,lo,0.00,0.00,0.00,0,0,0.00,0.00,0.00,0,0,0.00,0.00,0,0
1415339789,s0-eth1,1250187.88,28891.11,1279079.00,28920,1251438,826.17,437.56,1263.74,438,827,0.00,0.00,0,0
1415339789,s0-eth3,23142.86,1127676.38,1150819.25,1128804,23166,350.65,745.25,1095.90,746,351,0.00,0.00,0,0
1415339789,s0-eth2,5814.19,246535.47,252349.66,246782,5820,87.91,162.84,250.75,163,88,0.00,0.00,0,0
1415339789,total,3450837.25,3529354.75,6980192.00,3532884,3454288,3350.65,3400.60,6751.25,3404,3354,0.00,0.00,0,0
1415339790,s1-eth1,1058464.00,23166.00,1081630.00,23166,1058464,700.00,351.00,1051.00,351,700,0.00,0.00,0,0
1415339790,s1-eth3,14784.00,676758.00,691542.00,676758,14784,224.00,447.00,671.00,447,224,0.00,0.00,0,0
1415339790,s1-eth2,8307.69,378299.72,386607.41,378678,8316,125.87,250.75,376.62,251,126,0.00,0.00,0,0
1415339790,s2-eth1,676081.94,14769.23,690851.19,14784,676758,446.55,223.78,670.33,224,447,0.00,0.00,0,0
1415339790,s2-eth3,7120.88,323672.34,330793.22,323996,7128,107.89,213.79,321.68,214,108,0.00,0.00,0,0
1415339790,s2-eth2,7648.35,352409.59,360057.94,352762,7656,115.88,232.77,348.65,233,116,0.00,0.00,0,0
1415339790,s3-eth1,323672.34,7120.88,330793.22,7128,323996,213.79,107.89,321.68,108,214,0.00,0.00,0,0
1415339790,s3-eth2,7120.88,323672.34,330793.22,323996,7128,107.89,213.79,321.68,214,108,0.00,0.00,0,0
1415339790,eth0,0.00,0.00,0.00,0,0,0.00,0.00,0.00,0,0,0.00,0.00,0,0
1415339790,lo,687.31,687.31,1374.63,688,688,11.99,11.99,23.98,12,12,0.00,0.00,0,0
1415339790,s0-eth1,1249492.50,27626.38,1277118.88,27654,1250742,826.17,418.58,1244.76,419,827,0.00,0.00,0,0
1415339790,s0-eth3,23142.86,1057406.62,1080549.50,1058464,23166,350.65,699.30,1049.95,700,351,0.00,0.00,0,0
1415339790,s0-eth2,4417.58,205698.31,210115.89,205904,4422,66.93,135.86,202.80,136,67,0.00,0.00,0,0
1415339790,total,3379868.25,3390587.50,6770455.50,3393978,3383248,3296.70,3305.69,6602.40,3309,3300,0.00,0.00,0,0
1415339791,s1-eth1,1031481.06,22790.42,1054271.50,22836,1033544,682.63,345.31,1027.94,346,684,0.00,0.00,0,0
1415339791,s1-eth3,13898.20,630077.88,643976.06,631338,13926,210.58,416.17,626.75,417,211,0.00,0.00,0,0
1415339791,s1-eth2,8967.03,407854.16,416821.19,408262,8976,135.86,270.73,406.59,271,136,0.00,0.00,0,0
1415339791,s2-eth1,630707.31,13912.09,644619.38,13926,631338,416.58,210.79,627.37,211,417,0.00,0.00,0,0
1415339791,s2-eth3,7450.55,337284.72,344735.28,337622,7458,112.89,222.78,335.66,223,113,0.00,0.00,0,0
1415339791,s2-eth2,6395.60,293422.59,299818.19,293716,6402,96.90,193.81,290.71,194,97,0.00,0.00,0,0
1415339791,s3-eth1,336948.12,7443.11,344391.22,7458,337622,222.55,112.77,335.33,113,223,0.00,0.00,0,0
1415339791,s3-eth2,7377.25,336948.12,344325.34,337622,7392,111.78,222.55,334.33,223,112,0.00,0.00,0,0
1415339791,eth0,0.00,0.00,0.00,0,0,0.00,0.00,0.00,0,0,0.00,0.00,0,0
1415339791,lo,0.00,0.00,0.00,0,0,0.00,0.00,0.00,0,0,0.00,0.00,0,0
1415339791,s0-eth1,1249756.50,27269.46,1277026.00,27324,1252256,826.35,413.17,1239.52,414,828,0.00,0.00,0,0
1415339791,s0-eth3,22790.42,1031481.06,1054271.50,1033544,22836,345.31,682.63,1027.94,684,346,0.00,0.00,0,0
1415339791,s0-eth2,4483.52,205698.31,210181.83,205904,4488,67.93,135.86,203.80,136,68,0.00,0.00,0,0
1415339791,total,3322915.25,3316235.75,6639151.00,3319552,3326238,3231.77,3228.77,6460.54,3232,3235,0.00,0.00,0,0
1415339792,s1-eth1,1065136.88,23274.73,1088411.62,23298,1066202,704.30,352.65,1056.94,353,705,0.00,0.00,0,0
1415339792,s1-eth3,15098.90,693704.31,708803.19,694398,15114,228.77,458.54,687.31,459,229,0.00,0.00,0,0
1415339792,s1-eth2,8109.89,374457.56,382567.44,374832,8118,122.88,247.75,370.63,248,123,0.00,0.00,0,0
1415339792,s2-eth1,693704.31,15098.90,708803.19,15114,694398,458.54,228.77,687.31,229,459,0.00,0.00,0,0
1415339792,s2-eth3,7384.62,337284.72,344669.34,337622,7392,111.89,222.78,334.67,223,112,0.00,0.00,0,0
1415339792,s2-eth2,7780.22,356419.59,364199.81,356776,7788,117.88,235.76,353.65,236,118,0.00,0.00,0,0
1415339792,s3-eth1,337284.72,7384.62,344669.34,7392,337622,222.78,111.89,334.67,112,223,0.00,0.00,0,0
1415339792,s3-eth2,7450.55,337284.72,344735.28,337622,7458,112.89,222.78,335.66,223,113,0.00,0.00,0,0
1415339792,eth0,0.00,415.58,415.58,416,0,0.00,2.00,2.00,2,0,0.00,0.00,0,0
1415339792,lo,0.00,0.00,0.00,0,0,0.00,0.00,0.00,0,0,0.00,0.00,0,0
1415339792,s0-eth1,1251116.88,27692.31,1278809.25,27720,1252368,827.17,419.58,1246.75,420,828,0.00,0.00,0,0
1415339792,s0-eth3,23274.73,1065136.88,1088411.62,1066202,23298,352.65,704.30,1056.94,705,353,0.00,0.00,0,0
1415339792,s0-eth2,4483.52,207210.80,211694.31,207418,4488,67.93,136.86,204.80,137,68,0.00,0.00,0,0
1415339792,total,3420825.25,3445364.75,6866190.00,3448810,3424246,3327.67,3343.66,6671.33,3347,3331,0.00,0.00,0,0
1415339793,s1-eth1,954627.38,27052.95,981680.38,27080,955582,634.37,389.61,1023.98,390,635,0.00,0.00,0,0
1415339793,s1-eth3,16155.84,588441.56,604597.44,589030,16172,231.77,390.61,622.38,391,232,0.00,0.00,0,0
1415339793,s1-eth2,10885.12,357110.91,367996.00,357468,10896,157.84,237.76,395.60,238,158,0.00,0.00,0,0
1415339793,s2-eth1,588441.56,16155.84,604597.44,16172,589030,390.61,231.77,622.38,232,391,0.00,0.00,0,0
1415339793,s2-eth3,9388.61,278339.66,287728.28,278618,9398,128.87,184.82,313.69,185,129,0.00,0.00,0,0
1415339793,s2-eth2,6767.23,310101.91,316869.12,310412,6774,102.90,205.79,308.69,206,103,0.00,0.00,0,0
1415339793,s3-eth1,278339.66,9388.61,287728.28,9398,278618,184.82,128.87,313.69,129,185,0.00,0.00,0,0
1415339793,s3-eth2,9388.61,278339.66,287728.28,278618,9398,128.87,184.82,313.69,185,129,0.00,0.00,0,0
1415339793,eth0,0.00,0.00,0.00,0,0,0.00,0.00,0.00,0,0,0.00,0.00,0,0
1415339793,lo,5654.35,5654.35,11308.69,5660,5660,54.95,54.95,109.89,55,55,0.00,0.00,0,0
1415339793,s0-eth1,1248965.12,33208.79,1282173.88,33242,1250214,830.17,474.53,1304.70,475,831,0.00,0.00,0,0
1415339793,s0-eth3,27052.95,954627.38,981680.38,955582,27080,389.61,634.37,1023.98,635,390,0.00,0.00,0,0
1415339793,s0-eth2,6077.92,217840.17,223918.09,218058,6084,83.92,144.86,228.77,145,84,0.00,0.00,0,0
1415339793,total,3161744.25,3076261.75,6238006.00,3079338,3164906,3318.68,3262.74,6581.42,3266,3322,0.00,0.00,0,0
1415339794,s1-eth1,1110983.00,25034.96,1136018.00,25060,1112094,734.27,367.63,1101.90,368,735,0.00,0.00,0,0
1415339794,s1-eth3,15720.28,707844.19,723564.44,708552,15736,231.77,467.53,699.30,468,232,0.00,0.00,0,0
1415339794,s1-eth2,9326.67,406163.84,415490.53,406570,9336,135.86,268.73,404.60,269,136,0.00,0.00,0,0
1415339794,s2-eth1,707844.19,15720.28,723564.44,15736,708552,467.53,231.77,699.30,232,468,0.00,0.00,0,0
1415339794,s2-eth3,7214.79,307034.97,314249.75,307342,7222,102.90,202.80,305.69,203,103,0.00,0.00,0,0
1415339794,s2-eth2,8505.50,400809.19,409314.69,401210,8514,128.87,264.74,393.61,265,129,0.00,0.00,0,0
1415339794,s3-eth1,307034.97,7214.79,314249.75,7222,307342,202.80,102.90,305.69,103,203,0.00,0.00,0,0
1415339794,s3-eth2,7214.79,307034.97,314249.75,307342,7222,102.90,202.80,305.69,203,103,0.00,0.00,0,0
1415339794,eth0,0.00,0.00,0.00,0,0,0.00,0.00,0.00,0,0,0.00,0.00,0,0
1415339794,lo,0.00,0.00,0.00,0,0,0.00,0.00,0.00,0,0,0.00,0.00,0,0
1415339794,s0-eth1,1251644.38,31138.86,1282783.25,31170,1252896,827.17,454.55,1281.72,455,828,0.00,0.00,0,0
1415339794,s0-eth3,25034.96,1110983.00,1136018.00,1112094,25060,367.63,734.27,1101.90,735,368,0.00,0.00,0,0
1415339794,s0-eth2,6181.82,238973.03,245154.86,239212,6188,87.91,157.84,245.75,158,88,0.00,0.00,0,0
1415339794,total,3456705.50,3557952.25,7014657.50,3561510,3460162,3389.61,3455.54,6845.16,3459,3393,0.00,0.00,0,0
1415339795,s1-eth1,1021778.00,27518.00,1049296.00,27518,1021778,677.00,391.00,1068.00,391,677,0.00,0.00,0,0
1415339795,s1-eth3,15246.00,691996.00,707242.00,691996,15246,231.00,458.00,689.00,458,231,0.00,0.00,0,0
1415339795,s1-eth2,12272.00,343160.00,355432.00,343160,12272,160.00,228.00,388.00,228,160,0.00,0.00,0,0
1415339795,s2-eth1,691996.00,15246.00,707242.00,15246,691996,458.00,231.00,689.00,231,458,0.00,0.00,0,0
1415339795,s2-eth3,7194.00,329804.00,336998.00,329804,7194,109.00,218.00,327.00,218,109,0.00,0.00,0,0
1415339795,s2-eth2,8043.96,364855.16,372899.12,365220,8052,121.88,241.76,363.64,242,122,0.00,0.00,0,0
1415339795,s3-eth1,329474.53,7186.81,336661.34,7194,329804,217.78,108.89,326.67,109,218,0.00,0.00,0,0
1415339795,s3-eth2,7120.88,332499.50,339620.38,332832,7128,107.89,219.78,327.67,220,108,0.00,0.00,0,0
1415339795,eth0,0.00,0.00,0.00,0,0,0.00,0.00,0.00,0,0,0.00,0.00,0,0
1415339795,lo,0.00,0.00,0.00,0,0,0.00,0.00,0.00,0,0,0.00,0.00,0,0
1415339795,s0-eth1,1249716.38,35018.98,1284735.25,35054,1250966,826.17,488.51,1314.69,489,827,0.00,0.00,0,0
1415339795,s0-eth3,27490.51,1020757.25,1048247.75,1021778,27518,390.61,676.32,1066.93,677,391,0.00,0.00,0,0
1415339795,s0-eth2,7462.54,196623.38,204085.92,196820,7470,96.90,129.87,226.77,130,97,0.00,0.00,0,0
1415339795,total,3376048.00,3363258.75,6739307.00,3366622,3379424,3394.61,3389.61,6784.22,3393,3398,0.00,0.00,0,0
1415339796,s1-eth1,1135752.25,24527.47,1160279.75,24552,1136888,751.25,371.63,1122.88,372,752,0.00,0.00,0,0
1415339796,s1-eth3,16879.12,789640.38,806519.50,790430,16896,255.74,522.48,778.22,523,256,0.00,0.00,0,0
1415339796,s1-eth2,7714.29,334259.75,341974.03,334594,7722,116.88,220.78,337.66,221,117,0.00,0.00,0,0
1415339796,s2-eth1,789640.38,16879.12,806519.50,16896,790430,522.48,255.74,778.22,256,523,0.00,0.00,0,0
1415339796,s2-eth3,7846.15,365326.69,373172.84,365692,7854,118.88,241.76,360.64,242,119,0.00,0.00,0,0
1415339796,s2-eth2,8976.00,423224.00,432200.00,423224,8976,136.00,280.00,416.00,280,136,0.00,0.00,0,0
1415339796,s3-eth1,365692.00,7854.00,373546.00,7854,365692,242.00,119.00,361.00,119,242,0.00,0.00,0,0
1415339796,s3-eth2,7920.00,362664.00,370584.00,362664,7920,120.00,240.00,360.00,240,120,0.00,0.00,0,0
1415339796,eth0,0.00,0.00,0.00,0,0,0.00,0.00,0.00,0,0,0.00,0.00,0,0
1415339796,lo,0.00,0.00,0.00,0,0,0.00,0.00,0.00,0,0,0.00,0.00,0,0
1415339796,s0-eth1,1250127.88,28483.52,1278611.38,28512,1251378,828.17,431.57,1259.74,432,829,0.00,0.00,0,0
1415339796,s0-eth3,24527.47,1135752.25,1160279.75,1136888,24552,371.63,751.25,1122.88,752,372,0.00,0.00,0,0
1415339796,s0-eth2,4021.98,172423.58,176445.56,172596,4026,60.94,113.89,174.83,114,61,0.00,0.00,0,0
1415339796,total,3618715.50,3660241.75,7278957.00,3663902,3622334,3523.48,3547.45,7070.93,3551,3527,0.00,0.00,0,0
1415339797,s1-eth1,1086321.75,27164.84,1113486.50,27192,1087408,719.28,401.60,1120.88,402,720,0.00,0.00,0,0
1415339797,s1-eth3,17406.59,800461.56,817868.12,801262,17424,263.74,530.47,794.21,531,264,0.00,0.00,0,0
1415339797,s1-eth2,9758.24,282835.19,292593.41,283118,9768,137.86,186.81,324.68,187,138,0.00,0.00,0,0
1415339797,s2-eth1,800461.56,17406.59,817868.12,17424,801262,530.47,263.74,794.21,264,531,0.00,0.00,0,0
1415339797,s2-eth3,7252.75,328387.62,335640.38,328716,7260,109.89,217.78,327.67,218,110,0.00,0.00,0,0
1415339797,s2-eth2,10153.85,475098.91,485252.75,475574,10164,153.85,314.69,468.53,315,154,0.00,0.00,0,0
1415339797,s3-eth1,328387.62,7252.75,335640.38,7260,328716,217.78,109.89,327.67,110,218,0.00,0.00,0,0
1415339797,s3-eth2,7252.75,331412.59,338665.34,331744,7260,109.89,219.78,329.67,220,110,0.00,0.00,0,0
1415339797,eth0,0.00,0.00,0.00,0,0,0.00,0.00,0.00,0,0,0.00,0.00,0,0
1415339797,lo,687.31,687.31,1374.63,688,688,11.99,11.99,23.98,12,12,0.00,0.00,0,0
1415339797,s0-eth1,1251005.00,32589.41,1283594.50,32622,1252256,827.17,478.52,1305.69,479,828,0.00,0.00,0,0
1415339797,s0-eth3,27164.84,1086321.75,1113486.50,1087408,27192,401.60,719.28,1120.88,720,402,0.00,0.00,0,0
1415339797,s0-eth2,5424.58,158811.19,164235.77,158970,5430,76.92,104.90,181.82,105,77,0.00,0.00,0,0
1415339797,total,3551276.75,3548429.75,7099706.50,3551978,3554828,3560.44,3559.44,7119.88,3563,3564,0.00,0.00,0,0
1415339798,s1-eth1,946721.31,30515.48,977236.81,30546,947668,629.37,432.57,1061.94,433,630,0.00,0.00,0,0
1415339798,s1-eth3,23724.28,640213.81,663938.06,640854,23748,329.67,426.57,756.24,427,330,0.00,0.00,0,0
1415339798,s1-eth2,6791.21,308020.00,314811.19,308328,6798,102.90,203.80,306.69,204,103,0.00,0.00,0,0
1415339798,s2-eth1,640213.81,23724.28,663938.06,23748,640854,426.57,329.67,756.24,330,427,0.00,0.00,0,0
1415339798,s2-eth3,11184.82,325306.69,336491.53,325632,11196,149.85,215.78,365.63,216,150,0.00,0.00,0,0
1415339798,s2-eth2,12605.39,310369.62,322975.03,310680,12618,180.82,207.79,388.61,208,181,0.00,0.00,0,0
1415339798,s3-eth1,325306.69,11184.82,336491.53,11196,325632,215.78,149.85,365.63,150,216,0.00,0.00,0,0
1415339798,s3-eth2,11118.88,322281.72,333400.59,322604,11130,148.85,213.79,362.64,214,149,0.00,0.00,0,0
1415339798,eth0,0.00,0.00,0.00,0,0,0.00,0.00,0.00,0,0,0.00,0.00,0,0
1415339798,lo,0.00,0.00,0.00,0,0,0.00,0.00,0.00,0,0,0.00,0.00,0,0
1415339798,s0-eth1,1248345.75,36091.91,1284437.62,36128,1249594,828.17,509.49,1337.66,510,829,0.00,0.00,0,0
1415339798,s0-eth3,30515.48,946721.31,977236.81,947668,30546,432.57,629.37,1061.94,630,433,0.00,0.00,0,0
1415339798,s0-eth2,5510.49,166373.62,171884.12,166540,5516,75.92,109.89,185.81,110,76,0.00,0.00,0,0
1415339798,total,3262038.00,3120803.25,6382841.50,3123924,3265300,3520.48,3428.57,6949.05,3432,3524,0.00,0.00,0,0
1415339799,s3-eth2,2958.17,74770.92,77729.09,75070,2970,44.82,50.80,95.62,51,45,0.00,0.00,0,0
1415339799,eth0,1605.58,920.32,2525.90,924,1612,13.94,13.94,27.89,14,14,0.00,0.00,0,0
1415339799,lo,1314.74,1314.74,2629.48,1320,1320,17.93,17.93,35.86,18,18,0.00,0.00,0,0
1415339799,total,18373251616997376000.00,18373251616997376000.00,18373251616997376000.00,18446744073618080037,18446744073608591287,18373251616997277696.00,18373251616997281792.00,18373251616997183488.00,18446744073709456628,18446744073709453783,0.00,0.00,0,0
1415339800,eth0,243.76,131.87,375.62,132,244,2.00,2.00,4.00,2,2,0.00,0.00,0,0
1415339800,lo,155.84,155.84,311.69,156,156,3.00,3.00,5.99,3,3,0.00,0.00,0,0
1415339800,total,18428316258828025856.00,18428316258828025856.00,18428316258828025856.00,18446744073699508103,18446744073709303095,18428316258828021760.00,18428316258828019712.00,18428316258828015616.00,