1415326551,s1-eth1,0.00,0.00,0.00,0,0,0.00,0.00,0.00,0,0,0.00,0.00,0,0
1415326551,s1-eth2,0.00,0.00,0.00,0,0,0.00,0.00,0.00,0,0,0.00,0.00,0,0
1415326551,s2-eth1,0.00,0.00,0.00,0,0,0.00,0.00,0.00,0,0,0.00,0.00,0,0
1415326551,s2-eth2,0.00,0.00,0.00,0,0,0.00,0.00,0.00,0,0,0.00,0.00,0,0
1415326551,eth0,0.00,0.00,0.00,0,0,0.00,0.00,0.00,0,0,0.00,0.00,0,0
1415326551,lo,0.00,0.00,0.00,0,0,0.00,0.00,0.00,0,0,0.00,0.00,0,0
1415326551,total,0.00,0.00,0.00,0,0,0.00,0.00,0.00,0,0,0.00,0.00,0,0
1415326552,s1-eth1,657480.56,14703.30,672183.81,14718,658138,436.56,222.78,659.34,223,437,0.00,0.00,0,0
1415326552,s1-eth2,14703.30,686217.81,700921.12,686904,14718,222.78,455.54,678.32,456,223,0.00,0.00,0,0
1415326552,s2-eth1,686217.81,14703.30,700921.12,14718,686904,455.54,222.78,678.32,223,456,0.00,0.00,0,0
1415326552,s2-eth2,14637.36,670275.75,684913.12,670946,14652,221.78,444.56,666.33,445,222,0.00,0.00,0,0
1415326552,eth0,0.00,0.00,0.00,0,0,0.00,0.00,0.00,0,0,0.00,0.00,0,0
1415326552,lo,0.00,0.00,0.00,0,0,0.00,0.00,0.00,0,0,0.00,0.00,0,0
1415326552,total,1373039.00,1385900.12,2758939.25,1387286,1374412,1336.66,1345.65,2682.32,1347,1338,0.00,0.00,0,0
1415326553,s1-eth1,848024.00,19237.53,867261.50,19276,849720,562.87,291.42,854.29,292,564,0.00,0.00,0,0
1415326553,s1-eth2,19237.53,820826.38,840063.88,822468,19276,291.42,544.91,836.33,546,292,0.00,0.00,0,0
1415326553,s2-eth1,820826.38,19237.53,840063.88,19276,822468,544.91,291.42,836.33,292,546,0.00,0.00,0,0
1415326553,s2-eth2,18908.18,820826.38,839734.56,822468,18946,286.43,544.91,831.34,546,287,0.00,0.00,0,0
1415326553,eth0,0.00,0.00,0.00,0,0,0.00,0.00,0.00,0,0,0.00,0.00,0,0
1415326553,lo,534.93,534.93,1069.86,536,536,5.99,5.99,11.98,6,6,0.00,0.00,0,0
1415326553,total,1707531.00,1680662.75,3388193.75,1684024,1710946,1691.62,1678.64,3370.26,1682,1695,0.00,0.00,0,0
1415326554,s1-eth1,1073001.00,23604.40,1096605.38,23628,1074074,714.29,357.64,1071.93,358,715,0.00,0.00,0,0
1415326554,s1-eth2,23538.46,1119192.88,1142731.25,1120312,23562,356.64,745.25,1101.90,746,357,0.00,0.00,0,0
1415326554,s2-eth1,1119192.88,23538.46,1142731.25,23562,1120312,745.25,356.64,1101.90,357,746,0.00,0.00,0,0
1415326554,s2-eth2,23934.07,1160030.00,1183964.12,1161190,23958,362.64,772.23,1134.87,773,363,0.00,0.00,0,0
1415326554,eth0,0.00,0.00,0.00,0,0,0.00,0.00,0.00,0,0,0.00,0.00,0,0
1415326554,lo,1110.89,1110.89,2221.78,1112,1112,11.99,11.99,23.98,12,12,0.00,0.00,0,0
1415326554,total,2240777.25,2327476.50,4568254.00,2329804,2243018,2190.81,2243.76,4434.57,2246,2193,0.00,0.00,0,0
1415326555,s1-eth1,1427616.00,31812.00,1459428.00,31812,1427616,948.00,482.00,1430.00,482,948,0.00,0.00,0,0
1415326555,s1-eth2,31878.00,1405602.00,1437480.00,1405602,31878,483.00,933.00,1416.00,933,483,0.00,0.00,0,0
1415326555,s2-eth1,1405602.00,31878.00,1437480.00,31878,1405602,933.00,483.00,1416.00,483,933,0.00,0.00,0,0
1415326555,s2-eth2,31878.00,1431340.00,1463218.00,1431340,31878,483.00,950.00,1433.00,950,483,0.00,0.00,0,0
1415326555,eth0,0.00,86.00,86.00,86,0,0.00,1.00,1.00,1,0,0.00,0.00,0,0
1415326555,lo,0.00,0.00,0.00,0,0,0.00,0.00,0.00,0,0,0.00,0.00,0,0
1415326555,total,2896974.00,2900718.00,5797692.00,2900718,2896974,2847.00,2849.00,5696.00,2849,2847,0.00,0.00,0,0
1415326556,s1-eth1,1641908.00,35970.00,1677878.00,35970,1641908,1090.00,545.00,1635.00,545,1090,0.00,0.00,0,0
1415326556,s1-eth2,35442.00,1663104.00,1698546.00,1663104,35442,537.00,1104.00,1641.00,1104,537,0.00,0.00,0,0
1415326556,s2-eth1,1663104.00,35442.00,1698546.00,35442,1663104,1104.00,537.00,1641.00,537,1104,0.00,0.00,0,0
1415326556,s2-eth2,35442.00,1623740.00,1659182.00,1623740,35442,537.00,1078.00,1615.00,1078,537,0.00,0.00,0,0
1415326556,eth0,0.00,0.00,0.00,0,0,0.00,0.00,0.00,0,0,0.00,0.00,0,0
1415326556,lo,0.00,0.00,0.00,0,0,0.00,0.00,0.00,0,0,0.00,0.00,0,0
1415326556,total,3375896.00,3358256.00,6734152.00,3358256,3375896,3268.00,3264.00,6532.00,3264,3268,0.00,0.00,0,0
1415326557,s1-eth1,1993212.00,44554.00,2037766.00,44554,1993212,1322.00,675.00,1997.00,675,1322,0.00,0.00,0,0
1415326557,s1-eth2,45016.00,2014408.00,2059424.00,2014408,45016,682.00,1336.00,2018.00,1336,682,0.00,0.00,0,0
1415326557,s2-eth1,2014408.00,45016.00,2059424.00,45016,2014408,1336.00,682.00,2018.00,682,1336,0.00,0.00,0,0
1415326557,s2-eth2,45016.00,2006838.00,2051854.00,2006838,45016,682.00,1331.00,2013.00,1331,682,0.00,0.00,0,0
1415326557,eth0,0.00,0.00,0.00,0,0,0.00,0.00,0.00,0,0,0.00,0.00,0,0
1415326557,lo,536.00,536.00,1072.00,536,536,6.00,6.00,12.00,6,6,0.00,0.00,0,0
1415326557,total,4098188.00,4111352.00,8209540.00,4111352,4098188,4028.00,4030.00,8058.00,4030,4028,0.00,0.00,0,0
1415326558,s1-eth1,2638573.00,59676.65,2698249.50,59796,2643850,1751.50,904.19,2655.69,906,1755,0.00,0.00,0,0
1415326558,s1-eth2,59742.52,2570579.00,2630321.50,2575720,59862,905.19,1706.59,2611.78,1710,907,0.00,0.00,0,0
1415326558,s2-eth1,2570579.00,59742.52,2630321.50,59862,2575720,1706.59,905.19,2611.78,907,1710,0.00,0.00,0,0
1415326558,s2-eth2,58820.36,2624974.00,2683794.50,2630224,58938,891.22,1742.52,2633.73,1746,893,0.00,0.00,0,0
1415326558,eth0,0.00,0.00,0.00,0,0,0.00,0.00,0.00,0,0,0.00,0.00,0,0
1415326558,lo,534.93,534.93,1069.86,536,536,5.99,5.99,11.98,6,6,0.00,0.00,0,0
1415326558,total,5328249.50,5315507.00,10643757.00,5326138,5338906,5260.48,5264.47,10524.95,5275,5271,0.00,0.00,0,0
1415326559,s1-eth1,3649996.00,81378.00,3731374.00,81378,3649996,2418.00,1233.00,3651.00,1233,2418,0.00,0.00,0,0
1415326559,s1-eth2,80388.00,3675734.00,3756122.00,3675734,80388,1218.00,2435.00,3653.00,2435,1218,0.00,0.00,0,0
1415326559,s2-eth1,3675734.00,80388.00,3756122.00,80388,3675734,2435.00,1218.00,3653.00,1218,2435,0.00,0.00,0,0
1415326559,s2-eth2,79860.00,3666650.00,3746510.00,3666650,79860,1210.00,2429.00,3639.00,2429,1210,0.00,0.00,0,0
1415326559,eth0,0.00,0.00,0.00,0,0,0.00,0.00,0.00,0,0,0.00,0.00,0,0
1415326559,lo,0.00,0.00,0.00,0,0,0.00,0.00,0.00,0,0,0.00,0.00,0,0
1415326559,total,7485978.00,7504150.00,14990128.00,7504150,7485978,7281.00,7315.00,14596.00,7315,7281,0.00,0.00,0,0
1415326560,s1-eth1,5069580.00,113058.00,5182638.00,113058,5069580,3354.00,1713.00,5067.00,1713,3354,0.00,0.00,0,0
1415326560,s1-eth2,112728.00,5058982.00,5171710.00,5058982,112728,1708.00,3347.00,5055.00,3347,1708,0.00,0.00,0,0
1415326560,s2-eth1,5058982.00,112728.00,5171710.00,112728,5058982,3347.00,1708.00,5055.00,1708,3347,0.00,0.00,0,0
1415326560,s2-eth2,111672.00,5071094.00,5182766.00,5071094,111672,1692.00,3355.00,5047.00,3355,1692,0.00,0.00,0,0
1415326560,eth0,0.00,0.00,0.00,0,0,0.00,0.00,0.00,0,0,0.00,0.00,0,0
1415326560,lo,0.00,0.00,0.00,0,0,0.00,0.00,0.00,0,0,0.00,0.00,0,0
1415326560,total,10352962.00,10355862.00,20708824.00,10355862,10352962,10101.00,10123.00,20224.00,10123,10101,0.00,0.00,0,0
1415326561,s1-eth1,5997200.00,135168.00,6132368.00,135168,5997200,3968.00,2048.00,6016.00,2048,3968,0.00,0.00,0,0
1415326561,s1-eth2,135102.00,6024452.00,6159554.00,6024452,135102,2047.00,3986.00,6033.00,3986,2047,0.00,0.00,0,0
1415326561,s2-eth1,6024452.00,135102.00,6159554.00,135102,6024452,3986.00,2047.00,6033.00,2047,3986,0.00,0.00,0,0
1415326561,s2-eth2,136224.00,6010826.00,6147050.00,6010826,136224,2064.00,3977.00,6041.00,3977,2064,0.00,0.00,0,0
1415326561,eth0,0.00,310.00,310.00,310,0,0.00,2.00,2.00,2,0,0.00,0.00,0,0
1415326561,lo,0.00,0.00,0.00,0,0,0.00,0.00,0.00,0,0,0.00,0.00,0,0
1415326561,total,12292978.00,12305858.00,24598836.00,12305858,12292978,12065.00,12060.00,24125.00,12060,12065,0.00,0.00,0,0
1415326562,s1-eth1,5876522.00,126984.00,6003506.00,126984,5876522,3885.00,1924.00,5809.00,1924,3885,0.00,0.00,0,0
1415326562,s1-eth2,126984.00,5881064.00,6008048.00,5881064,126984,1924.00,3888.00,5812.00,3888,1924,0.00,0.00,0,0
1415326562,s2-eth1,5881064.00,126984.00,6008048.00,126984,5881064,3888.00,1924.00,5812.00,1924,3888,0.00,0.00,0,0
1415326562,s2-eth2,126984.00,5879550.00,6006534.00,5879550,126984,1924.00,3887.00,5811.00,3887,1924,0.00,0.00,0,0
1415326562,eth0,0.00,0.00,0.00,0,0,0.00,0.00,0.00,0,0,0.00,0.00,0,0
1415326562,lo,0.00,0.00,0.00,0,0,0.00,0.00,0.00,0,0,0.00,0.00,0,0
1415326562,total,12011554.00,12014582.00,24026136.00,12014582,12011554,11621.00,11623.00,23244.00,11623,11621,0.00,0.00,0,0
1415326563,s1-eth1,6100142.00,130350.00,6230492.00,130350,6100142,4035.00,1975.00,6010.00,1975,4035,0.00,0.00,0,0
1415326563,s1-eth2,130350.00,6116796.00,6247146.00,6116796,130350,1975.00,4046.00,6021.00,4046,1975,0.00,0.00,0,0
1415326563,s2-eth1,6116796.00,130350.00,6247146.00,130350,6116796,4046.00,1975.00,6021.00,1975,4046,0.00,0.00,0,0
1415326563,s2-eth2,130350.00,6118310.00,6248660.00,6118310,130350,1975.00,4047.00,6022.00,4047,1975,0.00,0.00,0,0
1415326563,eth0,0.00,0.00,0.00,0,0,0.00,0.00,0.00,0,0,0.00,0.00,0,0
1415326563,lo,344.00,344.00,688.00,344,344,6.00,6.00,12.00,6,6,0.00,0.00,0,0
1415326563,total,12477982.00,12496150.00,24974132.00,12496150,12477982,12037.00,12049.00,24086.00,12049,12037,0.00,0.00,0,0
1415326564,s1-eth1,6030548.00,131010.00,6161558.00,131010,6030548,3986.00,1985.00,5971.00,1985,3986,0.00,0.00,0,0
1415326564,s1-eth2,131010.00,6030548.00,6161558.00,6030548,131010,1985.00,3986.00,5971.00,3986,1985,0.00,0.00,0,0
1415326564,s2-eth1,6030548.00,131010.00,6161558.00,131010,6030548,3986.00,1985.00,5971.00,1985,3986,0.00,0.00,0,0
1415326564,s2-eth2,131010.00,6029034.00,6160044.00,6029034,131010,1985.00,3985.00,5970.00,3985,1985,0.00,0.00,0,0
1415326564,eth0,0.00,0.00,0.00,0,0,0.00,0.00,0.00,0,0,0.00,0.00,0,0
1415326564,lo,0.00,0.00,0.00,0,0,0.00,0.00,0.00,0,0,0.00,0.00,0,0
1415326564,total,12323116.00,12321602.00,24644718.00,12321602,12323116,11942.00,11941.00,23883.00,11941,11942,0.00,0.00,0,0
1415326565,s1-eth1,5957776.00,130416.00,6088192.00,130416,5957776,3936.00,1976.00,5912.00,1976,3936,0.00,0.00,0,0
1415326565,s1-eth2,130482.00,5957776.00,6088258.00,5957776,130482,1977.00,3936.00,5913.00,3936,1977,0.00,0.00,0,0
1415326565,s2-eth1,5957776.00,130482.00,6088258.00,130482,5957776,3936.00,1977.00,5913.00,1977,3936,0.00,0.00,0,0
1415326565,s2-eth2,130482.00,5958706.00,6089188.00,5958706,130482,1977.00,3937.00,5914.00,3937,1977,0.00,0.00,0,0
1415326565,eth0,0.00,0.00,0.00,0,0,0.00,0.00,0.00,0,0,0.00,0.00,0,0
1415326565,lo,0.00,0.00,0.00,0,0,0.00,0.00,0.00,0,0,0.00,0.00,0,0
1415326565,total,12176516.00,12177380.00,24353896.00,12177380,12176516,11826.00,11826.00,23652.00,11826,11826,0.00,0.00,0,0
1415326566,s1-eth1,6019580.00,130218.00,6149798.00,130218,6019580,3978.00,1973.00,5951.00,1973,3978,0.00,0.00,0,0
1415326566,s1-eth2,130152.00,6019580.00,6149732.00,6019580,130152,1972.00,3978.00,5950.00,3978,1972,0.00,0.00,0,0
1415326566,s2-eth1,6019580.00,130152.00,6149732.00,130152,6019580,3978.00,1972.00,5950.00,1972,3978,0.00,0.00,0,0
1415326566,s2-eth2,130152.00,6020164.00,6150316.00,6020164,130152,1972.00,3978.00,5950.00,3978,1972,0.00,0.00,0,0
1415326566,eth0,0.00,0.00,0.00,0,0,0.00,0.00,0.00,0,0,0.00,0.00,0,0
1415326566,lo,0.00,0.00,0.00,0,0,0.00,0.00,0.00,0,0,0.00,0.00,0,0
1415326566,total,12299464.00,12300114.00,24599578.00,12300114,12299464,11900.00,11901.00,23801.00,11901,11900,0.00,0.00,0,0
1415326567,s1-eth1,6127958.00,127710.00,6255668.00,127710,6127958,4051.00,1935.00,5986.00,1935,4051,0.00,0.00,0,0
1415326567,s1-eth2,127710.00,6126444.00,6254154.00,6126444,127710,1935.00,4050.00,5985.00,4050,1935,0.00,0.00,0,0
1415326567,s2-eth1,6126444.00,127710.00,6254154.00,127710,6126444,4050.00,1935.00,5985.00,1935,4050,0.00,0.00,0,0
1415326567,s2-eth2,127710.00,6126444.00,6254154.00,6126444,127710,1935.00,4050.00,5985.00,4050,1935,0.00,0.00,0,0
1415326567,eth0,0.00,0.00,0.00,0,0,0.00,0.00,0.00,0,0,0.00,0.00,0,0
1415326567,lo,0.00,0.00,0.00,0,0,0.00,0.00,0.00,0,0,0.00,0.00,0,0
1415326567,total,12509822.00,12508308.00,25018130.00,12508308,12509822,11971.00,11970.00,23941.00,11970,11971,0.00,0.00,0,0
1415326568,s1-eth1,6113692.00,132924.00,6246616.00,132924,6113692,4042.00,2014.00,6056.00,2014,4042,0.00,0.00,0,0
1415326568,s1-eth2,132924.00,6115206.00,6248130.00,6115206,132924,2014.00,4043.00,6057.00,4043,2014,0.00,0.00,0,0
1415326568,s2-eth1,6115206.00,132924.00,6248130.00,132924,6115206,4043.00,2014.00,6057.00,2014,4043,0.00,0.00,0,0
1415326568,s2-eth2,132924.00,6119748.00,6252672.00,6119748,132924,2014.00,4046.00,6060.00,4046,2014,0.00,0.00,0,0
1415326568,eth0,0.00,0.00,0.00,0,0,0.00,0.00,0.00,0,0,0.00,0.00,0,0
1415326568,lo,344.00,344.00,688.00,344,344,6.00,6.00,12.00,6,6,0.00,0.00,0,0
1415326568,total,12495090.00,12501146.00,24996236.00,12501146,12495090,12119.00,12123.00,24242.00,12123,12119,0.00,0.00,0,0
1415326569,s1-eth1,6140842.00,133914.00,6274756.00,133914,6140842,4061.00,2029.00,6090.00,2029,4061,0.00,0.00,0,0
1415326569,s1-eth2,133980.00,6139328.00,6273308.00,6139328,133980,2030.00,4060.00,6090.00,4060,2030,0.00,0.00,0,0
1415326569,s2-eth1,6139328.00,133980.00,6273308.00,133980,6139328,4060.00,2030.00,6090.00,2030,4060,0.00,0.00,0,0
1415326569,s2-eth2,133980.00,6134786.00,6268766.00,6134786,133980,2030.00,4057.00,6087.00,4057,2030,0.00,0.00,0,0
1415326569,eth0,0.00,0.00,0.00,0,0,0.00,0.00,0.00,0,0,0.00,0.00,0,0
1415326569,lo,0.00,0.00,0.00,0,0,0.00,0.00,0.00,0,0,0.00,0.00,0,0
1415326569,total,12548130.00,12542008.00,25090138.00,12542008,12548130,12181.00,12176.00,24357.00,12176,12181,0.00,0.00,0,0
1415326570,s1-eth1,6089366.00,133518.00,6222884.00,133518,6089366,4027.00,2023.00,6050.00,2023,4027,0.00,0.00,0,0
1415326570,s1-eth2,133584.00,6089366.00,6222950.00,6089366,133584,2024.00,4027.00,6051.00,4027,2024,0.00,0.00,0,0
1415326570,s2-eth1,6089366.00,133584.00,6222950.00,133584,6089366,4027.00,2024.00,6051.00,2024,4027,0.00,0.00,0,0
1415326570,s2-eth2,133650.00,6089366.00,6223016.00,6089366,133650,2025.00,4027.00,6052.00,4027,2025,0.00,0.00,0,0
1415326570,eth0,0.00,0.00,0.00,0,0,0.00,0.00,0.00,0,0,0.00,0.00,0,0
1415326570,lo,0.00,0.00,0.00,0,0,0.00,0.00,0.00,0,0,0.00,0.00,0,0
1415326570,total,12445966.00,12445834.00,24891800.00,12445834,12445966,12103.00,12101.00,24204.00,12101,12103,0.00,0.00,0,0
1415326571,s1-eth1,5816200.00,122760.00,5938960.00,122760,5816200,3844.00,1860.00,5704.00,1860,3844,0.00,0.00,0,0
1415326571,s1-eth2,123090.00,5817714.00,5940804.00,5817714,123090,1865.00,3845.00,5710.00,3845,1865,0.00,0.00,0,0
1415326571,s2-eth1,5817714.00,123090.00,5940804.00,123090,5817714,3845.00,1865.00,5710.00,1865,3845,0.00,0.00,0,0
1415326571,s2-eth2,123156.00,5817714.00,5940870.00,5817714,123156,1866.00,3845.00,5711.00,3845,1866,0.00,0.00,0,0
1415326571,eth0,0.00,0.00,0.00,0,0,0.00,0.00,0.00,0,0,0.00,0.00,0,0
1415326571,lo,0.00,0.00,0.00,0,0,0.00,0.00,0.00,0,0,0.00,0.00,0,0
1415326571,total,11880160.00,11881278.00,23761438.00,11881278,11880160,11420.00,11415.00,22835.00,11415,11420,0.00,0.00,0,0
1415326572,s1-eth1,5768925.00,126065.94,5894991.00,126192,5774694,3811.19,1910.09,5721.28,1912,3815,0.00,0.00,0,0
1415326572,s1-eth2,125670.34,5767412.50,5893083.00,5773180,125796,1904.10,3810.19,5714.29,3814,1906,0.00,0.00,0,0
1415326572,s2-eth1,5767412.50,125670.34,5893083.00,125796,5773180,3810.19,1904.10,5714.29,1906,3814,0.00,0.00,0,0
1415326572,s2-eth2,125538.47,5767412.50,5892951.00,5773180,125664,1902.10,3810.19,5712.29,3814,1904,0.00,0.00,0,0
1415326572,eth0,0.00,0.00,0.00,0,0,0.00,0.00,0.00,0,0,0.00,0.00,0,0
1415326572,lo,0.00,0.00,0.00,0,0,0.00,0.00,0.00,0,0,0.00,0.00,0,0
1415326572,total,11787547.00,11786562.00,23574108.00,11798348,11799334,11427.57,11434.57,22862.14,11446,11439,0.00,0.00,0,0
1415326573,s1-eth1,5910184.00,126852.00,6037036.00,126852,5910184,3904.00,1922.00,5826.00,1922,3904,0.00,0.00,0,0
1415326573,s1-eth2,127578.00,5911698.00,6039276.00,5911698,127578,1933.00,3905.00,5838.00,3905,1933,0.00,0.00,0,0
1415326573,s2-eth1,5911698.00,127578.00,6039276.00,127578,5911698,3905.00,1933.00,5838.00,1933,3905,0.00,0.00,0,0
1415326573,s2-eth2,127644.00,5910618.00,6038262.00,5910618,127644,1934.00,3905.00,5839.00,3905,1934,0.00,0.00,0,0
1415326573,eth0,0.00,0.00,0.00,0,0,0.00,0.00,0.00,0,0,0.00,0.00,0,0
1415326573,lo,344.00,344.00,688.00,344,344,6.00,6.00,12.00,6,6,0.00,0.00,0,0
1415326573,total,12077448.00,12077090.00,24154538.00,12077090,12077448,11682.00,11671.00,23353.00,11671,11682,0.00,0.00,0,0
1415326574,s1-eth1,5475512.00,112992.00,5588504.00,112992,5475512,3620.00,1712.00,5332.00,1712,3620,0.00,0.00,0,0
1415326574,s1-eth2,112200.00,5480054.00,5592254.00,5480054,112200,1700.00,3623.00,5323.00,3623,1700,0.00,0.00,0,0
1415326574,s2-eth1,5480054.00,112200.00,5592254.00,112200,5480054,3623.00,1700.00,5323.00,1700,3623,0.00,0.00,0,0
1415326574,s2-eth2,112134.00,5488120.00,5600254.00,5488120,112134,1699.00,3628.00,5327.00,3628,1699,0.00,0.00,0,0
1415326574,eth0,0.00,0.00,0.00,0,0,0.00,0.00,0.00,0,0,0.00,0.00,0,0
1415326574,lo,0.00,0.00,0.00,0,0,0.00,0.00,0.00,0,0,0.00,0.00,0,0
1415326574,total,11179900.00,11193366.00,22373266.00,11193366,11179900,10642.00,10663.00,21305.00,10663,10642,0.00,0.00,0,0
1415326575,s1-eth1,5946443.50,129560.45,6076004.00,129690,5952390,3931.07,1963.04,5894.11,1965,3935,0.00,0.00,0,0
1415326575,s1-eth2,129758.24,5941906.50,6071664.50,5947848,129888,1966.03,3928.07,5894.11,3932,1968,0.00,0.00,0,0
1415326575,s2-eth1,5941906.50,129758.24,6071664.50,129888,5947848,3928.07,1966.03,5894.11,1968,3932,0.00,0.00,0,0
1415326575,s2-eth2,129758.24,5934927.00,6064685.50,5940862,129888,1966.03,3923.08,5889.11,3927,1968,0.00,0.00,0,0
1415326575,eth0,0.00,0.00,0.00,0,0,0.00,0.00,0.00,0,0,0.00,0.00,0,0
1415326575,lo,0.00,0.00,0.00,0,0,0.00,0.00,0.00,0,0,0.00,0.00,0,0
1415326575,total,12147866.00,12136152.00,24284018.00,12148288,12160014,11791.21,11780.22,23571.43,11792,11803,0.00,0.00,0,0
1415326576,s1-eth1,5993100.00,129096.00,6122196.00,129096,5993100,3962.00,1956.00,5918.00,1956,3962,0.00,0.00,0,0
1415326576,s1-eth2,129756.00,5993100.00,6122856.00,5993100,129756,1966.00,3962.00,5928.00,3962,1966,0.00,0.00,0,0
1415326576,s2-eth1,5993100.00,129756.00,6122856.00,129756,5993100,3962.00,1966.00,5928.00,1966,3962,0.00,0.00,0,0
1415326576,s2-eth2,129756.00,5991764.00,6121520.00,5991764,129756,1966.00,3962.00,5928.00,3962,1966,0.00,0.00,0,0
1415326576,eth0,0.00,0.00,0.00,0,0,0.00,0.00,0.00,0,0,0.00,0.00,0,0
1415326576,lo,0.00,0.00,0.00,0,0,0.00,0.00,0.00,0,0,0.00,0.00,0,0
1415326576,total,12245712.00,12243716.00,24489428.00,12243716,12245712,11856.00,11846.00,23702.00,11846,11856,0.00,0.00,0,0
1415326577,s1-eth1,6143982.00,133980.00,6277962.00,133980,6143982,4063.00,2030.00,6093.00,2030,4063,0.00,0.00,0,0
1415326577,s1-eth2,133188.00,6142468.00,6275656.00,6142468,133188,2018.00,4062.00,6080.00,4062,2018,0.00,0.00,0,0
1415326577,s2-eth1,6142468.00,133188.00,6275656.00,133188,6142468,4062.00,2018.00,6080.00,2018,4062,0.00,0.00,0,0
1415326577,s2-eth2,133188.00,6143804.00,6276992.00,6143804,133188,2018.00,4062.00,6080.00,4062,2018,0.00,0.00,0,0
1415326577,eth0,0.00,0.00,0.00,0,0,0.00,0.00,0.00,0,0,0.00,0.00,0,0
1415326577,lo,0.00,0.00,0.00,0,0,0.00,0.00,0.00,0,0,0.00,0.00,0,0
1415326577,total,12552826.00,12553440.00,25106266.00,12553440,12552826,12161.00,12172.00,24333.00,12172,12161,0.00,0.00,0,0
1415326578,s1-eth1,6037880.00,130086.00,6167966.00,130086,6037880,3992.00,1971.00,5963.00,1971,3992,0.00,0.00,0,0
1415326578,s1-eth2,130020.00,6039394.00,6169414.00,6039394,130020,1970.00,3993.00,5963.00,3993,1970,0.00,0.00,0,0
1415326578,s2-eth1,6039394.00,130020.00,6169414.00,130020,6039394,3993.00,1970.00,5963.00,1970,3993,0.00,0.00,0,0
1415326578,s2-eth2,130020.00,6039394.00,6169414.00,6039394,130020,1970.00,3993.00,5963.00,3993,1970,0.00,0.00,0,0
1415326578,eth0,0.00,0.00,0.00,0,0,0.00,0.00,0.00,0,0,0.00,0.00,0,0
1415326578,lo,344.00,344.00,688.00,344,344,6.00,6.00,12.00,6,6,0.00,0.00,0,0
1415326578,total,12337658.00,12339238.00,24676896.00,12339238,12337658,11931.00,11933.00,23864.00,11933,11931,0.00,0.00,0,0
1415326579,s1-eth1,6173500.00,132396.00,6305896.00,132396,6173500,4082.00,2006.00,6088.00,2006,4082,0.00,0.00,0,0
1415326579,s1-eth2,133320.00,6171986.00,6305306.00,6171986,133320,2020.00,4081.00,6101.00,4081,2020,0.00,0.00,0,0
1415326579,s2-eth1,6171986.00,133320.00,6305306.00,133320,6171986,4081.00,2020.00,6101.00,2020,4081,0.00,0.00,0,0
1415326579,s2-eth2,133320.00,6171986.00,6305306.00,6171986,133320,2020.00,4081.00,6101.00,4081,2020,0.00,0.00,0,0
1415326579,eth0,0.00,416.00,416.00,416,0,0.00,2.00,2.00,2,0,0.00,0.00,0,0
1415326579,lo,0.00,0.00,0.00,0,0,0.00,0.00,0.00,0,0,0.00,0.00,0,0
1415326579,total,12612126.00,12610104.00,25222230.00,12610104,12612126,12203.00,12190.00,24393.00,12190,12203,0.00,0.00,0,0
1415326580,s1-eth1,6060600.00,131802.00,6192402.00,131802,6060600,4008.00,1997.00,6005.00,1997,4008,0.00,0.00,0,0
1415326580,s1-eth2,130812.00,6062114.00,6192926.00,6062114,130812,1982.00,4009.00,5991.00,4009,1982,0.00,0.00,0,0
1415326580,s2-eth1,6062114.00,130812.00,6192926.00,130812,6062114,4009.00,1982.00,5991.00,1982,4009,0.00,0.00,0,0
1415326580,s2-eth2,130878.00,6063628.00,6194506.00,6063628,130878,1983.00,4010.00,5993.00,4010,1983,0.00,0.00,0,0
1415326580,eth0,0.00,0.00,0.00,0,0,0.00,0.00,0.00,0,0,0.00,0.00,0,0
1415326580,lo,0.00,0.00,0.00,0,0,0.00,0.00,0.00,0,0,0.00,0.00,0,0
1415326580,total,12384404.00,12388356.00,24772760.00,12388356,12384404,11982.00,11998.00,23980.00,11998,11982,0.00,0.00,0,0
1415326581,s1-eth1,6100772.00,132594.00,6233366.00,132594,6100772,4034.00,2009.00,6043.00,2009,4034,0.00,0.00,0,0
1415326581,s1-eth2,133518.00,6100772.00,6234290.00,6100772,133518,2023.00,4034.00,6057.00,4034,2023,0.00,0.00,0,0
1415326581,s2-eth1,6100772.00,133518.00,6234290.00,133518,6100772,4034.00,2023.00,6057.00,2023,4034,0.00,0.00,0,0
1415326581,s2-eth2,133518.00,6097744.00,6231262.00,6097744,133518,2023.00,4032.00,6055.00,4032,2023,0.00,0.00,0,0
1415326581,eth0,0.00,0.00,0.00,0,0,0.00,0.00,0.00,0,0,0.00,0.00,0,0
1415326581,lo,0.00,0.00,0.00,0,0,0.00,0.00,0.00,0,0,0.00,0.00,0,0
1415326581,total,12468580.00,12464628.00,24933208.00,12464628,12468580,12114.00,12098.00,24212.00,12098,12114,0.00,0.00,0,0
1415326582,s1-eth1,5312694.00,115236.00,5427930.00,115236,5312694,3515.00,1746.00,5261.00,1746,3515,0.00,0.00,0,0
1415326582,s1-eth2,114312.00,5324806.00,5439118.00,5324806,114312,1732.00,3523.00,5255.00,3523,1732,0.00,0.00,0,0
1415326582,s2-eth1,5324806.00,114312.00,5439118.00,114312,5324806,3523.00,1732.00,5255.00,1732,3523,0.00,0.00,0,0
1415326582,s2-eth2,113916.00,5346002.00,5459918.00,5346002,113916,1726.00,3537.00,5263.00,3537,1726,0.00,0.00,0,0
1415326582,eth0,240.00,240.00,480.00,240,240,3.00,3.00,6.00,3,3,0.00,0.00,0,0
1415326582,lo,0.00,0.00,0.00,0,0,0.00,0.00,0.00,0,0,0.00,0.00,0,0
1415326582,total,10865968.00,10900596.00,21766564.00,10900596,10865968,10499.00,10541.00,21040.00,10541,10499,0.00,0.00,0,0
1415326583,s1-eth1,5310458.00,110022.00,5420480.00,110022,5310458,3509.00,1667.00,5176.00,1667,3509,0.00,0.00,0,0
1415326583,s1-eth2,110022.00,5298346.00,5408368.00,5298346,110022,1667.00,3501.00,5168.00,3501,1667,0.00,0.00,0,0
1415326583,s2-eth1,5298346.00,110022.00,5408368.00,110022,5298346,3501.00,1667.00,5168.00,1667,3501,0.00,0.00,0,0
1415326583,s2-eth2,110418.00,5280178.00,5390596.00,5280178,110418,1673.00,3489.00,5162.00,3489,1673,0.00,0.00,0,0
1415326583,eth0,0.00,0.00,0.00,0,0,0.00,0.00,0.00,0,0,0.00,0.00,0,0
1415326583,lo,344.00,344.00,688.00,344,344,6.00,6.00,12.00,6,6,0.00,0.00,0,0
1415326583,total,10829588.00,10798912.00,21628500.00,10798912,10829588,10356.00,10330.00,20686.00,10330,10356,0.00,0.00,0,0
1415326584,s1-eth1,5290344.00,111642.44,5401986.50,113652,5385570,3498.04,1691.55,5189.59,1722,3561,0.00,0.00,0,0
1415326584,s1-eth2,111707.27,5303729.00,5415436.00,5399196,113718,1692.53,3506.88,5199.41,3570,1723,0.00,0.00,0,0
1415326584,s2-eth1,5303729.00,111707.27,5415436.00,113718,5399196,3506.88,1692.53,5199.41,1723,3570,0.00,0.00,0,0
1415326584,s2-eth2,112070.59,5291845.00,5403915.50,5397682,114312,1698.04,3499.02,5197.06,3569,1732,0.00,0.00,0,0
1415326584,eth0,88.24,0.00,88.24,0,90,0.98,0.00,0.98,0,1,0.00,0.00,0,0
1415326584,lo,0.00,0.00,0.00,0,0,0.00,0.00,0.00,0,0,0.00,0.00,0,0
1415326584,total,10796947.00,10808086.00,21605034.00,11024248,11012886,10379.41,10376.47,20755.88,10584,10587,0.00,0.00,0,0
1415326585,s1-eth1,5522399.00,118444.66,5640843.50,118800,5538966,3652.04,1794.62,5446.66,1800,3663,0.00,0.00,0,0
1415326585,s1-eth2,119760.72,5532965.00,5652726.00,5549564,120120,1814.56,3659.02,5473.58,3670,1820,0.00,0.00,0,0
1415326585,s2-eth1,5532965.00,119760.72,5652726.00,120120,5549564,3659.02,1814.56,5473.58,1820,3670,0.00,0.00,0,0
1415326585,s2-eth2,119460.00,5552592.00,5672052.00,5552592,119460,1810.00,3672.00,5482.00,3672,1810,0.00,0.00,0,0
1415326585,eth0,0.00,176.00,176.00,176,0,0.00,2.00,2.00,2,0,0.00,0.00,0,0
1415326585,lo,0.00,0.00,0.00,0,0,0.00,0.00,0.00,0,0,0.00,0.00,0,0
1415326585,total,11328110.00,11341252.00,22669362.00,11341252,11328110,10963.00,10964.00,21927.00,10964,10963,0.00,0.00,0,0
1415326586,s1-eth1,6016638.00,131208.00,6147846.00,131208,6016638,3979.00,1988.00,5967.00,1988,3979,0.00,0.00,0,0
1415326586,s1-eth2,129888.00,5992414.00,6122302.00,5992414,129888,1968.00,3963.00,5931.00,3963,1968,0.00,0.00,0,0
1415326586,s2-eth1,5992414.00,129888.00,6122302.00,129888,5992414,3963.00,1968.00,5931.00,1968,3963,0.00,0.00,0,0
1415326586,s2-eth2,129888.00,5987872.00,6117760.00,5987872,129888,1968.00,3960.00,5928.00,3960,1968,0.00,0.00,0,0
1415326586,eth0,0.00,0.00,0.00,0,0,0.00,0.00,0.00,0,0,0.00,0.00,0,0
1415326586,lo,0.00,0.00,0.00,0,0,0.00,0.00,0.00,0,0,0.00,0.00,0,0
1415326586,total,12268828.00,12241382.00,24510210.00,12241382,12268828,11878.00,11879.00,23757.00,11879,11878,0.00,0.00,0,0
1415326587,s1-eth1,5881796.00,128238.00,6010034.00,128238,5881796,3886.00,1943.00,5829.00,1943,3886,0.00,0.00,0,0
1415326587,s1-eth2,128304.00,5881796.00,6010100.00,5881796,128304,1944.00,3886.00,5830.00,3886,1944,0.00,0.00,0,0
1415326587,s2-eth1,5881796.00,128304.00,6010100.00,128304,5881796,3886.00,1944.00,5830.00,1944,3886,0.00,0.00,0,0
1415326587,s2-eth2,128238.00,5881796.00,6010034.00,5881796,128238,1943.00,3886.00,5829.00,3886,1943,0.00,0.00,0,0
1415326587,eth0,0.00,0.00,0.00,0,0,0.00,0.00,0.00,0,0,0.00,0.00,0,0
1415326587,lo,0.00,0.00,0.00,0,0,0.00,0.00,0.00,0,0,0.00,0.00,0,0
1415326587,total,12020134.00,12020134.00,24040268.00,12020134,12020134,11659.00,11659.00,23318.00,11659,11659,0.00,0.00,0,0
1415326588,s1-eth1,5994426.00,129822.00,6124248.00,129822,5994426,3961.00,1967.00,5928.00,1967,3961,0.00,0.00,0,0
1415326588,s1-eth2,130680.00,5992912.00,6123592.00,5992912,130680,1980.00,3960.00,5940.00,3960,1980,0.00,0.00,0,0
1415326588,s2-eth1,5992912.00,130680.00,6123592.00,130680,5992912,3960.00,1980.00,5940.00,1980,3960,0.00,0.00,0,0
1415326588,s2-eth2,130746.00,5994426.00,6125172.00,5994426,130746,1981.00,3961.00,5942.00,3961,1981,0.00,0.00,0,0
1415326588,eth0,0.00,0.00,0.00,0,0,0.00,0.00,0.00,0,0,0.00,0.00,0,0
1415326588,lo,344.00,344.00,688.00,344,344,6.00,6.00,12.00,6,6,0.00,0.00,0,0
1415326588,total,12249108.00,12248184.00,24497292.00,12248184,12249108,11888.00,11874.00,23762.00,11874,11888,0.00,0.00,0,0
1415326589,s1-eth1,5186194.00,113454.00,5299648.00,113454,5186194,3429.00,1719.00,5148.00,1719,3429,0.00,0.00,0,0
1415326589,s1-eth2,113190.00,5187708.00,5300898.00,5187708,113190,1715.00,3430.00,5145.00,3430,1715,0.00,0.00,0,0
1415326589,s2-eth1,5187708.00,113190.00,5300898.00,113190,5187708,3430.00,1715.00,5145.00,1715,3430,0.00,0.00,0,0
1415326589,s2-eth2,113718.00,5184680.00,5298398.00,5184680,113718,1723.00,3428.00,5151.00,3428,1723,0.00,0.00,0,0
1415326589,eth0,0.00,0.00,0.00,0,0,0.00,0.00,0.00,0,0,0.00,0.00,0,0
1415326589,lo,0.00,0.00,0.00,0,0,0.00,0.00,0.00,0,0,0.00,0.00,0,0
1415326589,total,10600810.00,10599032.00,21199842.00,10599032,10600810,10297.00,10292.00,20589.00,10292,10297,0.00,0.00,0,0
1415326590,s1-eth1,4824858.50,103080.12,4927939.00,104214,4877932,3190.90,1561.82,4752.72,1579,3226,0.00,0.00,0,0
1415326590,s1-eth2,103798.22,4794908.00,4898706.50,4847652,104940,1572.70,3171.12,4743.82,3206,1590,0.00,0.00,0,0
1415326590,s2-eth1,4794908.00,103798.22,4898706.50,104940,4847652,3171.12,1572.70,4743.82,1590,3206,0.00,0.00,0,0
1415326590,s2-eth2,104646.89,4806888.50,4911535.00,4859764,105798,1585.56,3179.03,4764.59,3214,1603,0.00,0.00,0,0
1415326590,eth0,0.00,0.00,0.00,0,0,0.00,0.00,0.00,0,0,0.00,0.00,0,0
1415326590,lo,0.00,0.00,0.00,0,0,0.00,0.00,0.00,0,0,0.00,0.00,0,0
1415326590,total,9828212.00,9808675.00,19636886.00,9916570,9936322,9520.28,9484.67,19004.95,9589,9625,0.00,0.00,0,0
1415326591,s1-eth1,4893707.00,108705.88,5002413.00,109032,4908388,3232.30,1647.06,4879.36,1652,3242,0.00,0.00,0,0
1415326591,s1-eth2,107958.09,4921255.50,5029213.50,4931098,108174,1635.73,3250.50,4886.23,3257,1639,0.00,0.00,0,0
1415326591,s2-eth1,4921255.50,107958.09,5029213.50,108174,4931098,3250.50,1635.73,4886.23,1639,3257,0.00,0.00,0,0
1415326591,s2-eth2,106640.72,4927299.50,5033940.50,4937154,106854,1615.77,3254.49,4870.26,3261,1619,0.00,0.00,0,0
1415326591,eth0,0.00,309.07,309.07,310,0,0.00,1.99,1.99,2,0,0.00,0.00,0,0
1415326591,lo,0.00,0.00,0.00,0,0,0.00,0.00,0.00,0,0,0.00,0.00,0,0
1415326591,total,10024441.00,10055601.00,20080042.00,10085768,10054514,9727.82,9781.66,19509.47,9811,9757,0.00,0.00,0,0
1415326592,s1-eth1,3747918.50,76168.98,3824087.50,76626,3770406,2476.14,1154.08,3630.22,1161,2491,0.00,0.00,0,0
1415326592,s1-eth2,76562.62,3731363.75,3807926.50,3753752,77022,1160.04,2465.21,3625.25,2480,1167,0.00,0.00,0,0
1415326592,s2-eth1,3731363.75,76562.62,3807926.50,77022,3753752,2465.21,1160.04,3625.25,1167,2480,0.00,0.00,0,0
1415326592,s2-eth2,76693.84,3707284.25,3783978.00,3729528,77154,1162.03,2449.30,3611.33,2464,1169,0.00,0.00,0,0
1415326592,eth0,0.00,0.00,0.00,0,0,0.00,0.00,0.00,0,0,0.00,0.00,0,0
1415326592,lo,0.00,0.00,0.00,0,0,0.00,0.00,0.00,0,0,0.00,0.00,0,0
1415326592,total,7640133.00,7598933.00,15239066.00,7636928,7678334,7270.65,7235.82,14506.47,7272,7307,0.00,0.00,0,0
1415326593,s1-eth1,4815760.50,104109.89,4919870.50,104214,4820576,3180.82,1577.42,4758.24,1579,3184,0.00,0.00,0,0
1415326593,s1-eth2,103912.09,4802148.00,4906060.00,4806950,104016,1574.43,3171.83,4746.25,3175,1576,0.00,0.00,0,0
1415326593,s2-eth1,4802148.00,103912.09,4906060.00,104016,4806950,3171.83,1574.43,4746.25,1576,3175,0.00,0.00,0,0
1415326593,s2-eth2,103714.29,4806685.50,4910399.50,4811492,103818,1571.43,3174.83,4746.25,3178,1573,0.00,0.00,0,0
1415326593,eth0,0.00,0.00,0.00,0,0,0.00,0.00,0.00,0,0,0.00,0.00,0,0
1415326593,lo,343.66,343.66,687.31,344,344,5.99,5.99,11.99,6,6,0.00,0.00,0,0
1415326593,total,9825878.00,9817199.00,19643078.00,9827016,9835704,9504.50,9504.50,19008.99,9514,9514,0.00,0.00,0,0
1415326594,s1-eth1,4883822.50,102461.54,4986284.00,102564,4888706,3225.77,1552.45,4778.22,1554,3229,0.00,0.00,0,0
1415326594,s1-eth2,101970.00,4917472.00,5019442.00,4917472,101970,1545.00,3248.00,4793.00,3248,1545,0.00,0.00,0,0
1415326594,s2-eth1,4917472.00,101970.00,5019442.00,101970,4917472,3248.00,1545.00,4793.00,1545,3248,0.00,0.00,0,0
1415326594,s2-eth2,102234.00,4915958.00,5018192.00,4915958,102234,1549.00,3247.00,4796.00,3247,1549,0.00,0.00,0,0
1415326594,eth0,0.00,0.00,0.00,0,0,0.00,0.00,0.00,0,0,0.00,0.00,0,0
1415326594,lo,0.00,0.00,0.00,0,0,0.00,0.00,0.00,0,0,0.00,0.00,0,0
1415326594,total,10010382.00,10037964.00,20048346.00,10037964,10010382,9571.00,9594.00,19165.00,9594,9571,0.00,0.00,0,0
1415326595,s1-eth1,4993172.00,108702.00,5101874.00,108702,4993172,3298.00,1647.00,4945.00,1647,3298,0.00,0.00,0,0
1415326595,s1-eth2,108438.00,4996200.00,5104638.00,4996200,108438,1643.00,3300.00,4943.00,3300,1643,0.00,0.00,0,0
1415326595,s2-eth1,4996200.00,108438.00,5104638.00,108438,4996200,3300.00,1643.00,4943.00,1643,3300,0.00,0.00,0,0
1415326595,s2-eth2,108504.00,5002256.00,5110760.00,5002256,108504,1644.00,3304.00,4948.00,3304,1644,0.00,0.00,0,0
1415326595,eth0,0.00,0.00,0.00,0,0,0.00,0.00,0.00,0,0,0.00,0.00,0,0
1415326595,lo,0.00,0.00,0.00,0,0,0.00,0.00,0.00,0,0,0.00,0.00,0,0
1415326595,total,10206314.00,10215596.00,20421910.00,10215596,10206314,9885.00,9894.00,19779.00,9894,9885,0.00,0.00,0,0
1415326596,s1-eth1,4992763.50,108437.56,5101201.00,108546,4997756,3298.70,1643.36,4942.06,1645,3302,0.00,0.00,0,0
1415326596,s1-eth2,108942.00,5006840.00,5115782.00,5006840,108942,1651.00,3308.00,4959.00,3308,1651,0.00,0.00,0,0
1415326596,s2-eth1,5006840.00,108942.00,5115782.00,108942,5006840,3308.00,1651.00,4959.00,1651,3308,0.00,0.00,0,0
1415326596,s2-eth2,108810.00,4991700.00,5100510.00,4991700,108810,1649.00,3298.00,4947.00,3298,1649,0.00,0.00,0,0
1415326596,eth0,0.00,0.00,0.00,0,0,0.00,0.00,0.00,0,0,0.00,0.00,0,0
1415326596,lo,592.00,592.00,1184.00,592,592,6.00,6.00,12.00,6,6,0.00,0.00,0,0
1415326596,total,10222940.00,10216620.00,20439560.00,10216620,10222940,9916.00,9908.00,19824.00,9908,9916,0.00,0.00,0,0
1415326597,s1-eth1,5223300.00,113850.00,5337150.00,113850,5223300,3450.00,1725.00,5175.00,1725,3450,0.00,0.00,0,0
1415326597,s1-eth2,113586.00,5212702.00,5326288.00,5212702,113586,1721.00,3443.00,5164.00,3443,1721,0.00,0.00,0,0
1415326597,s2-eth1,5212702.00,113586.00,5326288.00,113586,5212702,3443.00,1721.00,5164.00,1721,3443,0.00,0.00,0,0
1415326597,s2-eth2,113010.99,5213544.50,5326555.50,5218758,113124,1712.29,3443.56,5155.84,3447,1714,0.00,0.00,0,0
1415326597,eth0,0.00,0.00,0.00,0,0,0.00,0.00,0.00,0,0,0.00,0.00,0,0
1415326597,lo,0.00,0.00,0.00,0,0,0.00,0.00,0.00,0,0,0.00,0.00,0,0
1415326597,total,10652060.00,10648248.00,21300308.00,10658896,10662712,10317.68,10325.67,20643.36,10336,10328,0.00,0.00,0,0
1415326598,s1-eth1,5109183.00,111824.18,5221007.00,111936,5114292,3374.63,1694.31,5068.93,1696,3378,0.00,0.00,0,0
1415326598,s1-eth2,111890.11,5084983.00,5196873.50,5090068,112002,1695.30,3358.64,5053.95,3362,1697,0.00,0.00,0,0
1415326598,s2-eth1,5084983.00,111890.11,5196873.50,112002,5090068,3358.64,1695.30,5053.95,1697,3362,0.00,0.00,0,0
1415326598,s2-eth2,112332.00,5094610.00,5206942.00,5094610,112332,1702.00,3365.00,5067.00,3365,1702,0.00,0.00,0,0
1415326598,eth0,0.00,0.00,0.00,0,0,0.00,0.00,0.00,0,0,0.00,0.00,0,0
1415326598,lo,0.00,0.00,0.00,0,0,0.00,0.00,0.00,0,0,0.00,0.00,0,0
1415326598,total,10428694.00,10408616.00,20837310.00,10408616,10428694,10139.00,10120.00,20259.00,10120,10139,0.00,0.00,0,0
1415326599,s1-eth1,3406321.50,65604.79,3471926.25,65736,3413134,2250.50,994.01,3244.51,996,2255,0.00,0.00,0,0
1415326599,s1-eth2,66724.55,3410854.50,3477579.00,3417676,66858,1010.98,2253.49,3264.47,2258,1013,0.00,0.00,0,0
1415326599,s2-eth1,3410854.50,66724.55,3477579.00,66858,3417676,2253.49,1010.98,3264.47,1013,2258,0.00,0.00,0,0
1415326599,s2-eth2,66988.02,3415387.25,3482375.25,3422218,67122,1014.97,2256.49,3271.46,2261,1017,0.00,0.00,0,0
1415326599,eth0,0.00,0.00,0.00,0,0,0.00,0.00,0.00,0,0,0.00,0.00,0,0
1415326599,lo,0.00,0.00,0.00,0,0,0.00,0.00,0.00,0,0,0.00,0.00,0,0
1415326599,total,6950888.50,6958571.00,13909459.00,6972488,6964790,6529.94,6514.97,13044.91,6528,6543,0.00,0.00,0,0
1415326600,s1-eth1,3980867.25,86373.62,4067240.75,86460,3984848,2629.37,1308.69,3938.06,1310,2632,0.00,0.00,0,0
1415326600,s1-eth2,85384.62,3964230.00,4049614.50,3968194,85470,1293.71,2618.38,3912.09,2621,1295,0.00,0.00,0,0
1415326600,s2-eth1,3964230.00,85384.62,4049614.50,85470,3968194,2618.38,1293.71,3912.09,1295,2621,0.00,0.00,0,0
1415326600,s2-eth2,85318.69,3955155.00,4040473.75,3959110,85404,1292.71,2612.39,3905.10,2615,1294,0.00,0.00,0,0
1415326600,eth0,0.00,0.00,0.00,0,0,0.00,0.00,0.00,0,0,0.00,0.00,0,0
1415326600,lo,0.00,0.00,0.00,0,0,0.00,0.00,0.00,0,0,0.00,0.00,0,0
1415326600,total,8115800.50,8091143.00,16206943.00,8099234,8123916,7834.17,7833.17,15667.33,7841,7842,0.00,0.00,0,0
1415326601,s1-eth1,4329140.50,95013.86,4424154.50,95964,4372432,2859.41,1439.60,4299.01,1454,2888,0.00,0.00,0,0
1415326601,s1-eth2,94948.52,4363618.00,4458566.50,4407254,95898,1438.61,2882.18,4320.79,2911,1453,0.00,0.00,0,0
1415326601,s2-eth1,4363618.00,94948.52,4458566.50,95898,4407254,2882.18,1438.61,4320.79,1453,2911,0.00,0.00,0,0
1415326601,s2-eth2,95340.59,4375610.00,4470950.50,4419366,96294,1444.55,2890.10,4334.65,2919,1459,0.00,0.00,0,0
1415326601,eth0,0.00,0.00,0.00,0,0,0.00,0.00,0.00,0,0,0.00,0.00,0,0
1415326601,lo,340.59,340.59,681.19,344,344,5.94,5.94,11.88,6,6,0.00,0.00,0,0
1415326601,total,8883388.00,8929531.00,17812918.00,9018826,8972222,8630.69,8656.44,17287.13,8743,8717,0.00,0.00,0,0
1415326602,s1-eth1,4233760.50,91556.89,4325317.50,91740,4242228,2796.41,1387.23,4183.63,1390,2802,0.00,0.00,0,0
1415326602,s1-eth2,91318.69,4231940.00,4323259.00,4236172,91410,1383.62,2795.20,4178.82,2798,1385,0.00,0.00,0,0
1415326602,s2-eth1,4231940.00,91318.69,4323259.00,91410,4236172,2795.20,1383.62,4178.82,1385,2798,0.00,0.00,0,0
1415326602,s2-eth2,91714.29,4234965.00,4326679.50,4239200,91806,1389.61,2797.20,4186.81,2800,1391,0.00,0.00,0,0
1415326602,eth0,0.00,0.00,0.00,0,0,0.00,0.00,0.00,0,0,0.00,0.00,0,0
1415326602,lo,0.00,0.00,0.00,0,0,0.00,0.00,0.00,0,0,0.00,0.00,0,0
1415326602,total,8652963.00,8649872.00,17302836.00,8658522,8661616,8367.63,8364.64,16732.27,8373,8376,0.00,0.00,0,0
1415326603,s1-eth1,4249994.00,93056.72,4343050.50,93522,4271244,2807.96,1409.95,4217.91,1417,2822,0.00,0.00,0,0
1415326603,s1-eth2,93319.40,4254513.50,4347833.00,4275786,93786,1413.93,2810.95,4224.88,2825,1421,0.00,0.00,0,0
1415326603,s2-eth1,4254513.50,93319.40,4347833.00,93786,4275786,2810.95,1413.93,4224.88,1421,2825,0.00,0.00,0,0
1415326603,s2-eth2,92005.97,4221371.00,4313377.00,4242478,92466,1394.03,2789.05,4183.08,2803,1401,0.00,0.00,0,0
1415326603,eth0,0.00,0.00,0.00,0,0,0.00,0.00,0.00,0,0,0.00,0.00,0,0
1415326603,lo,0.00,0.00,0.00,0,0,0.00,0.00,0.00,0,0,0.00,0.00,0,0
1415326603,total,8689833.00,8662261.00,17352094.00,8705572,8733282,8426.87,8423.88,16850.75,8466,8469,0.00,0.00,0,0
1415326604,s1-eth1,4056405.00,87552.33,4143957.25,90354,4186210,2679.26,1326.55,4005.81,1369,2765,0.00,0.00,0,0
1415326604,s1-eth2,87616.28,4052003.75,4139620.00,4181668,90420,1327.52,2676.36,4003.88,2762,1370,0.00,0.00,0,0
1415326604,s2-eth1,4052003.75,87616.28,4139620.00,90420,4181668,2676.36,1327.52,4003.88,1370,2762,0.00,0.00,0,0
1415326604,s2-eth2,88319.77,4054938.00,4143257.75,4184696,91146,1338.18,2678.29,4016.47,2764,1381,0.00,0.00,0,0
1415326604,eth0,0.00,0.00,0.00,0,0,0.00,0.00,0.00,0,0,0.00,0.00,0,0
1415326604,lo,0.00,0.00,0.00,0,0,0.00,0.00,0.00,0,0,0.00,0.00,0,0
1415326604,total,8284345.00,8282110.50,16566455.00,8547138,8549444,8021.32,8008.72,16030.04,8265,8278,0.00,0.00,0,0
1415326605,s1-eth1,3033475.75,66456.98,3099932.75,67188,3066844,2003.96,1006.92,3010.88,1018,2026,0.00,0.00,0,0
1415326605,s1-eth2,66326.41,3046953.50,3113280.00,3080470,67056,1004.95,2012.86,3017.80,2035,1016,0.00,0.00,0,0
1415326605,s2-eth1,3046953.50,66326.41,3113280.00,67056,3080470,2012.86,1004.95,3017.80,1016,2035,0.00,0.00,0,0
1415326605,s2-eth2,66326.41,3037968.50,3104294.75,3071386,67056,1004.95,2006.92,3011.87,2029,1016,0.00,0.00,0,0
1415326605,eth0,0.00,0.00,0.00,0,0,0.00,0.00,0.00,0,0,0.00,0.00,0,0
1415326605,lo,0.00,0.00,0.00,0,0,0.00,0.00,0.00,0,0,0.00,0.00,0,0
1415326605,total,6213082.50,6217705.50,12430788.00,6286100,6281426,6026.71,6031.65,12058.36,6098,6093,0.00,0.00,0,0
1415326606,s1-eth1,3984848.00,86856.00,4071704.00,86856,3984848,2632.00,1316.00,3948.00,1316,2632,0.00,0.00,0,0
1415326606,s1-eth2,86856.00,3974250.00,4061106.00,3974250,86856,1316.00,2625.00,3941.00,2625,1316,0.00,0.00,0,0
1415326606,s2-eth1,3974250.00,86856.00,4061106.00,86856,3974250,2625.00,1316.00,3941.00,1316,2625,0.00,0.00,0,0
1415326606,s2-eth2,86592.00,3987876.00,4074468.00,3987876,86592,1312.00,2634.00,3946.00,2634,1312,0.00,0.00,0,0
1415326606,eth0,0.00,0.00,0.00,0,0,0.00,0.00,0.00,0,0,0.00,0.00,0,0
1415326606,lo,344.00,344.00,688.00,344,344,6.00,6.00,12.00,6,6,0.00,0.00,0,0
1415326606,total,8132890.00,8136182.00,16269072.00,8136182,8132890,7891.00,7897.00,15788.00,7897,7891,0.00,0.00,0,0
1415326607,s1-eth1,1977230.88,44109.89,2021340.75,44154,1979208,1306.69,668.33,1975.03,669,1308,0.00,0.00,0,0
1415326607,s1-eth2,44769.23,1925806.25,1970575.50,1927732,44814,678.32,1272.73,1951.05,1274,679,0.00,0.00,0,0
1415326607,s2-eth1,1925806.25,44769.23,1970575.50,44814,1927732,1272.73,678.32,1951.05,679,1274,0.00,0.00,0,0
1415326607,s2-eth2,44703.30,1931856.25,1976559.50,1933788,44748,677.32,1276.72,1954.05,1278,678,0.00,0.00,0,0
1415326607,eth0,0.00,0.00,0.00,0,0,0.00,0.00,0.00,0,0,0.00,0.00,0,0
1415326607,lo,0.00,0.00,0.00,0,0,0.00,0.00,0.00,0,0,0.00,0.00,0,0
1415326607,total,3992509.50,3946541.50,7939051.00,3950488,3996502,3935.07,3896.10,7831.17,3900,3939,0.00,0.00,0,0
1415326608,s1-eth1,4652411.50,100483.52,4752895.00,100584,4657064,3072.93,1522.48,4595.40,1524,3076,0.00,0.00,0,0
1415326608,s1-eth2,99956.05,4694761.50,4794717.50,4699456,100056,1514.49,3100.90,4615.38,3104,1516,0.00,0.00,0,0
1415326608,s2-eth1,4694761.50,99956.05,4794717.50,100056,4699456,3100.90,1514.49,4615.38,1516,3104,0.00,0.00,0,0
1415326608,s2-eth2,99758.24,4708374.00,4808132.00,4713082,99858,1511.49,3109.89,4621.38,3113,1513,0.00,0.00,0,0
1415326608,eth0,0.00,0.00,0.00,0,0,0.00,0.00,0.00,0,0,0.00,0.00,0,0
1415326608,lo,0.00,0.00,0.00,0,0,0.00,0.00,0.00,0,0,0.00,0.00,0,0
1415326608,total,9546887.00,9603575.00,19150462.00,9613178,9556434,9199.80,9247.75,18447.55,9257,9209,0.00,0.00,0,0
1415326609,s1-eth1,5203253.00,112891.30,5316144.50,114246,5265692,3436.76,1710.47,5147.23,1731,3478,0.00,0.00,0,0
1415326609,s1-eth2,113478.27,5212229.50,5325707.50,5274776,114840,1719.37,3442.69,5162.06,3484,1740,0.00,0.00,0,0
1415326609,s2-eth1,5212229.50,113478.27,5325707.50,114840,5274776,3442.69,1719.37,5162.06,1740,3484,0.00,0.00,0,0
1415326609,s2-eth2,113152.18,5188292.50,5301445.00,5250552,114510,1714.43,3426.88,5141.30,3468,1735,0.00,0.00,0,0
1415326609,eth0,0.00,411.07,411.07,416,0,0.00,1.98,1.98,2,0,0.00,0.00,0,0
1415326609,lo,0.00,0.00,0.00,0,0,0.00,0.00,0.00,0,0,0.00,0.00,0,0
1415326609,total,10642113.00,10627303.00,21269416.00,10754830,10769818,10313.24,10301.38,20614.62,10425,10437,0.00,0.00,0,0
1415326610,s1-eth1,5005284.00,109494.00,5114778.00,109494,5005284,3306.00,1659.00,4965.00,1659,3306,0.00,0.00,0,0
1415326610,s1-eth2,108900.00,4999228.00,5108128.00,4999228,108900,1650.00,3302.00,4952.00,3302,1650,0.00,0.00,0,0
1415326610,s2-eth1,4999228.00,108900.00,5108128.00,108900,4999228,3302.00,1650.00,4952.00,1650,3302,0.00,0.00,0,0
1415326610,s2-eth2,109362.00,5020424.00,5129786.00,5020424,109362,1657.00,3316.00,4973.00,3316,1657,0.00,0.00,0,0
1415326610,eth0,0.00,0.00,0.00,0,0,0.00,0.00,0.00,0,0,0.00,0.00,0,0
1415326610,lo,344.00,344.00,688.00,344,344,6.00,6.00,12.00,6,6,0.00,0.00,0,0
1415326610,total,10223118.00,10238390.00,20461508.00,10238390,10223118,9921.00,9933.00,19854.00,9933,9921,0.00,0.00,0,0
1415326611,s1-eth1,2023412.00,45276.00,2068688.00,45276,2023412,1338.00,686.00,2024.00,686,1338,0.00,0.00,0,0
1415326611,s1-eth2,46530.00,1977992.00,2024522.00,1977992,46530,705.00,1308.00,2013.00,1308,705,0.00,0.00,0,0
1415326611,s2-eth1,1977992.00,46530.00,2024522.00,46530,1977992,1308.00,705.00,2013.00,705,1308,0.00,0.00,0,0
1415326611,s2-eth2,47850.00,1917432.00,1965282.00,1917432,47850,725.00,1268.00,1993.00,1268,725,0.00,0.00,0,0
1415326611,eth0,0.00,0.00,0.00,0,0,0.00,0.00,0.00,0,0,0.00,0.00,0,0
1415326611,lo,0.00,0.00,0.00,0,0,0.00,0.00,0.00,0,0,0.00,0.00,0,0
1415326611,total,4095784.00,3987230.00,8083014.00,3987230,4095784,4076.00,3967.00,8043.00,3967,4076,0.00,0.00,0,0
1415326612,s1-eth1,0.00,0.00,0.00,0,0,0.00,0.00,0.00,0,0,0.00,0.00,0,0
1415326612,s1-eth2,0.00,0.00,0.00,0,0,0.00,0.00,0.00,0,0,0.00,0.00,0,0
1415326612,s2-eth1,0.00,0.00,0.00,0,0,0.00,0.00,0.00,0,0,0.00,0.00,0,0
1415326612,s2-eth2,0.00,0.00,0.00,0,0,0.00,0.00,0.00,0,0,0.00,0.00,0,0
1415326612,eth0,0.00,0.00,0.00,0,0,0.00,0.00,0.00,0,0,0.00,0.00,0,0
1415326612,lo,0.00,0.00,0.00,0,0,0.00,0.00,0.00,0,0,0.00,0.00,0,0
1415326612,total,0.00,0.00,0.00,0,0,0.00,0.00,0.00,0,0,0.00,0.00,0,0
1415326613,s1-eth1,0.00,0.00,0.00,0,0,0.00,0.00,0.00,0,0,0.00,0.00,0,0
1415326613,s1-eth2,0.00,0.00,0.00,0,0,0.00,0.00,0.00,0,0,0.00,0.00,0,0
1415326613,s2-eth1,0.00,0.00,0.00,0,0,0.00,0.00,0.00,0,0,0.00,0.00,0,0
1415326613,s2-eth2,0.00,0.00,0.00,0,0,0.00,0.00,0.00,0,0,0.00,0.00,0,0
1415326613,eth0,0.00,0.00,0.00,0,0,0.00,0.00,0.00,0,0,0.00,0.00,0,0
1415326613,lo,0.00,0.00,0.00,0,0,0.00,0.00,0.00,0,0,0.00,0.00,0,0
1415326613,total,0.00,0.00,0.00,0,0,0.00,0.00,0.00,0,0,0.00,0.00,0,0
1415326614,s1-eth1,0.00,0.00,0.00,0,0,0.00,0.00,0.00,0,0,0.00,0.00,0,0
1415326614,s1-eth2,0.00,0.00,0.00,0,0,0.00,0.00,0.00,0,0,0.00,0.00,0,0
1415326614,s2-eth1,0.00,0.00,0.00,0,0,0.00,0.00,0.00,0,0,0.00,0.00,0,0
1415326614,s2-eth2,0.00,0.00,0.00,0,0,0.00,0.00,0.00,0,0,0.00,0.00,0,0
1415326614,eth0,0.00,85.91,85.91,86,0,0.00,1.00,1.00,1,0,0.00,0.00,0,0
1415326614,lo,0.00,0.00,0.00,0,0,0.00,0.00,0.00,0,0,0.00,0.00,0,0
1415326614,total,0.00,85.91,85.91,86,0,0.00,1.00,1.00,1,0,0.00,0.00,0,0
1415326615,s1-eth1,0.00,0.00,0.00,0,0,0.00,0.00,0.00,0,0,0.00,0.00,0,0
1415326615,s1-eth2,0.00,0.00,0.00,0,0,0.00,0.00,0.00,0,0,0.00,0.00,0,0
1415326615,s2-eth1,0.00,0.00,0.00,0,0,0.00,0.00,0.00,0,0,0.00,0.00,0,0
1415326615,s2-eth2,0.00,0.00,0.00,0,0,0.00,0.00,0.00,0,0,0.00,0.00,0,0
1415326615,eth0,0.00,0.00,0.00,0,0,0.00,0.00,0.00,0,0,0.00,0.00,0,0
1415326615,lo,343.66,343.66,687.31,344,344,5.99,5.99,11.99,6,6,0.00,0.00,0,0
1415326615,total,343.66,343.66,687.31,344,344,5.99,5.99,11.99,6,6,0.00,0.00,0,0
1415326616,s1-eth1,0.00,0.00,0.00,0