1415339820,s1-eth1,0.00,0.00,0.00,0,0,0.00,0.00,0.00,0,0,0.00,0.00,0,0
1415339820,s1-eth3,0.00,0.00,0.00,0,0,0.00,0.00,0.00,0,0,0.00,0.00,0,0
1415339820,s1-eth2,0.00,0.00,0.00,0,0,0.00,0.00,0.00,0,0,0.00,0.00,0,0
1415339820,s2-eth1,0.00,0.00,0.00,0,0,0.00,0.00,0.00,0,0,0.00,0.00,0,0
1415339820,s2-eth3,0.00,0.00,0.00,0,0,0.00,0.00,0.00,0,0,0.00,0.00,0,0
1415339820,s2-eth2,0.00,0.00,0.00,0,0,0.00,0.00,0.00,0,0,0.00,0.00,0,0
1415339820,s3-eth1,0.00,0.00,0.00,0,0,0.00,0.00,0.00,0,0,0.00,0.00,0,0
1415339820,s3-eth3,0.00,0.00,0.00,0,0,0.00,0.00,0.00,0,0,0.00,0.00,0,0
1415339820,s3-eth2,0.00,0.00,0.00,0,0,0.00,0.00,0.00,0,0,0.00,0.00,0,0
1415339820,eth0,0.00,0.00,0.00,0,0,0.00,0.00,0.00,0,0,0.00,0.00,0,0
1415339820,lo,0.00,0.00,0.00,0,0,0.00,0.00,0.00,0,0,0.00,0.00,0,0
1415339820,s4-eth1,0.00,0.00,0.00,0,0,0.00,0.00,0.00,0,0,0.00,0.00,0,0
1415339820,s4-eth2,0.00,0.00,0.00,0,0,0.00,0.00,0.00,0,0,0.00,0.00,0,0
1415339820,s0-eth1,0.00,0.00,0.00,0,0,0.00,0.00,0.00,0,0,0.00,0.00,0,0
1415339820,s0-eth3,0.00,0.00,0.00,0,0,0.00,0.00,0.00,0,0,0.00,0.00,0,0
1415339820,s0-eth2,0.00,0.00,0.00,0,0,0.00,0.00,0.00,0,0,0.00,0.00,0,0
1415339820,total,0.00,0.00,0.00,0,0,0.00,0.00,0.00,0,0,0.00,0.00,0,0
1415339821,s1-eth1,652575.44,16465.54,669041.00,16482,653228,449.55,248.75,698.30,249,450,0.00,0.00,0,0
1415339821,s1-eth3,12369.63,481434.59,493804.22,481916,12382,186.81,333.67,520.48,334,187,0.00,0.00,0,0
1415339821,s1-eth2,4095.90,171140.86,175236.77,171312,4100,61.94,115.88,177.82,116,62,0.00,0.00,0,0
1415339821,s2-eth1,481434.59,12369.63,493804.22,12382,481916,333.67,186.81,520.48,187,334,0.00,0.00,0,0
1415339821,s2-eth3,7284.72,276201.81,283486.53,276478,7292,109.89,194.81,304.70,195,110,0.00,0.00,0,0
1415339821,s2-eth2,5018.98,205232.77,210251.75,205438,5024,75.92,138.86,214.79,139,76,0.00,0.00,0,0
1415339821,s3-eth1,276201.81,7284.72,283486.53,7292,276478,194.81,109.89,304.70,110,195,0.00,0.00,0,0
1415339821,s3-eth3,3708.29,138137.86,141846.16,138276,3712,55.94,97.90,153.85,98,56,0.00,0.00,0,0
1415339821,s3-eth2,3444.56,138063.94,141508.50,138202,3448,51.95,96.90,148.85,97,52,0.00,0.00,0,0
1415339821,eth0,0.00,415.58,415.58,416,0,0.00,2.00,2.00,2,0,0.00,0.00,0,0
1415339821,lo,21178.82,21178.82,42357.64,21200,21200,176.82,176.82,353.65,177,177,0.00,0.00,0,0
1415339821,s4-eth1,138137.86,3708.29,141846.16,3712,138276,97.90,55.94,153.85,56,98,0.00,0.00,0,0
1415339821,s4-eth2,3708.29,138137.86,141846.16,138276,3712,55.94,97.90,153.85,98,56,0.00,0.00,0,0
1415339821,s0-eth1,721758.25,21946.05,743704.31,21968,722480,499.50,331.67,831.17,332,500,0.00,0.00,0,0
1415339821,s0-eth3,16465.54,652575.44,669041.00,653228,16482,248.75,449.55,698.30,450,249,0.00,0.00,0,0
1415339821,s0-eth2,5480.52,223382.62,228863.14,223606,5486,82.92,150.85,233.77,151,83,0.00,0.00,0,0
1415339821,total,2352863.25,2507676.50,4860539.50,2510184,2355216,2682.32,2788.21,5470.53,2791,2685,0.00,0.00,0,0
1415339822,s1-eth1,1029838.19,22987.01,1052825.25,23010,1030868,685.31,348.65,1033.97,349,686,0.00,0.00,0,0
1415339822,s1-eth3,17010.99,765684.31,782695.31,766450,17028,257.74,508.49,766.23,509,258,0.00,0.00,0,0
1415339822,s1-eth2,5976.02,265666.34,271642.38,265932,5982,90.91,177.82,268.73,178,91,0.00,0.00,0,0
1415339822,s2-eth1,765684.31,17010.99,782695.31,17028,766450,508.49,257.74,766.23,258,509,0.00,0.00,0,0
1415339822,s2-eth3,11604.40,520539.47,532143.88,521060,11616,175.82,345.65,521.48,346,176,0.00,0.00,0,0
1415339822,s2-eth2,5472.53,249682.33,255154.86,249932,5478,82.92,165.83,248.75,166,83,0.00,0.00,0,0
1415339822,s3-eth1,520539.47,11604.40,532143.88,11616,521060,345.65,175.82,521.48,176,346,0.00,0.00,0,0
1415339822,s3-eth3,5802.20,260269.73,266071.94,260530,5808,87.91,172.83,260.74,173,88,0.00,0.00,0,0
1415339822,s3-eth2,5934.07,260269.73,266203.81,260530,5940,89.91,172.83,262.74,173,90,0.00,0.00,0,0
1415339822,eth0,0.00,0.00,0.00,0,0,0.00,0.00,0.00,0,0,0.00,0.00,0,0
1415339822,lo,1182.82,1182.82,2365.63,1184,1184,11.99,11.99,23.98,12,12,0.00,0.00,0,0
1415339822,s4-eth1,260269.73,5802.20,266071.94,5808,260530,172.83,87.91,260.74,88,173,0.00,0.00,0,0
1415339822,s4-eth2,5802.20,260269.73,266071.94,260530,5808,87.91,172.83,260.74,173,88,0.00,0.00,0,0
1415339822,s0-eth1,1250187.62,28718.56,1278906.25,28776,1252688,830.34,435.13,1265.47,436,832,0.00,0.00,0,0
1415339822,s0-eth3,22964.07,1028810.44,1051774.50,1030868,23010,348.30,684.63,1032.93,686,349,0.00,0.00,0,0
1415339822,s0-eth2,5838.32,257029.95,262868.28,257544,5850,88.82,171.66,260.48,172,89,0.00,0.00,0,0
1415339822,total,3911477.25,3952892.25,7864369.50,3960798,3919300,3862.28,3887.23,7749.50,3895,3870,0.00,0.00,0,0
1415339823,s1-eth1,1006802.44,23311.38,1030113.81,23358,1008816,670.66,354.29,1024.95,355,672,0.00,0.00,0,0
1415339823,s1-eth3,17706.59,770399.25,788105.81,771940,17742,270.46,516.97,787.43,518,271,0.00,0.00,0,0
1415339823,s1-eth2,5790.42,245720.56,251510.98,246212,5802,88.82,165.67,254.49,166,89,0.00,0.00,0,0
1415339823,s2-eth1,770399.25,17706.59,788105.81,17742,771940,516.97,270.46,787.43,271,518,0.00,0.00,0,0
1415339823,s2-eth3,11407.19,499075.88,510483.06,500074,11430,174.65,336.33,510.98,337,175,0.00,0.00,0,0
1415339823,s2-eth2,6383.23,274429.16,280812.38,274978,6396,97.80,184.63,282.44,185,98,0.00,0.00,0,0
1415339823,s3-eth1,499075.88,11407.19,510483.06,11430,500074,336.33,174.65,510.98,175,337,0.00,0.00,0,0
1415339823,s3-eth3,5682.63,246495.02,252177.66,246988,5694,86.83,165.67,252.50,166,87,0.00,0.00,0,0
1415339823,s3-eth2,5724.55,252580.84,258305.39,253086,5736,87.82,170.66,258.48,171,88,0.00,0.00,0,0
1415339823,eth0,0.00,0.00,0.00,0,0,0.00,0.00,0.00,0,0,0.00,0.00,0,0
1415339823,lo,12979.02,12979.02,25958.04,12992,12992,125.87,125.87,251.75,126,126,0.00,0.00,0,0
1415339823,s4-eth1,246495.02,5682.63,252177.66,5694,246988,165.67,86.83,252.50,87,166,0.00,0.00,0,0
1415339823,s4-eth2,5682.63,246495.02,252177.66,246988,5694,86.83,165.67,252.50,166,87,0.00,0.00,0,0
1415339823,s0-eth1,1250619.38,29010.99,1279630.38,29040,1251870,830.17,439.56,1269.73,440,831,0.00,0.00,0,0
1415339823,s0-eth3,23334.67,1007808.25,1031142.88,1008816,23358,354.65,671.33,1025.97,672,355,0.00,0.00,0,0
1415339823,s0-eth2,5928.07,252833.17,258761.25,253086,5934,90.91,170.83,261.74,171,91,0.00,0.00,0,0
1415339823,total,3876589.50,3898525.50,7775115.00,3902424,3880466,3987.01,4002.00,7989.01,4006,3991,0.00,0.00,0,0
1415339824,s1-eth1,1036541.50,22285.71,1058827.25,22308,1037578,688.31,337.66,1025.97,338,689,0.00,0.00,0,0
1415339824,s1-eth3,16483.52,753584.44,770067.94,754338,16500,249.75,500.50,750.25,501,250,0.00,0.00,0,0
1415339824,s1-eth2,5868.13,272369.62,278237.78,272642,5874,88.91,180.82,269.73,181,89,0.00,0.00,0,0
1415339824,s2-eth1,753584.44,16483.52,770067.94,16500,754338,500.50,249.75,750.25,250,501,0.00,0.00,0,0
1415339824,s2-eth3,11118.88,511506.50,522625.38,512018,11130,168.83,340.66,509.49,341,169,0.00,0.00,0,0
1415339824,s2-eth2,5382.62,234599.41,239982.03,234834,5388,81.92,156.84,238.76,157,82,0.00,0.00,0,0
1415339824,s3-eth1,511506.50,11118.88,522625.38,11130,512018,340.66,168.83,509.49,169,341,0.00,0.00,0,0
1415339824,s3-eth3,6017.98,270941.06,276959.06,271212,6024,91.91,181.82,273.73,182,92,0.00,0.00,0,0
1415339824,s3-eth2,5184.82,240649.36,245834.17,240890,5190,78.92,160.84,239.76,161,79,0.00,0.00,0,0
1415339824,eth0,0.00,0.00,0.00,0,0,0.00,0.00,0.00,0,0,0.00,0.00,0,0
1415339824,lo,3164.84,3164.84,6329.67,3168,3168,33.97,33.97,67.93,34,34,0.00,0.00,0,0
1415339824,s4-eth1,270941.06,6017.98,276959.06,6024,271212,181.82,91.91,273.73,92,182,0.00,0.00,0,0
1415339824,s4-eth2,6017.98,270941.06,276959.06,271212,6024,91.91,181.82,273.73,182,92,0.00,0.00,0,0
1415339824,s0-eth1,1252131.88,27956.04,1280088.00,27984,1253384,831.17,423.58,1254.75,424,832,0.00,0.00,0,0
1415339824,s0-eth3,22285.71,1036541.50,1058827.25,1037578,22308,337.66,688.31,1025.97,689,338,0.00,0.00,0,0
1415339824,s0-eth2,5604.40,264807.19,270411.59,265072,5610,84.92,175.82,260.74,176,85,0.00,0.00,0,0
1415339824,total,3911834.25,3942967.25,7854801.50,3946910,3915746,3851.15,3873.13,7724.28,3877,3855,0.00,0.00,0,0
1415339825,s1-eth1,1020599.44,22747.25,1043346.69,22770,1021620,677.32,344.66,1021.98,345,678,0.00,0.00,0,0
1415339825,s1-eth3,16945.05,752767.25,769712.31,753520,16962,256.74,499.50,756.24,500,257,0.00,0.00,0,0
1415339825,s1-eth2,5736.26,267832.19,273568.44,268100,5742,86.91,177.82,264.74,178,87,0.00,0.00,0,0
1415339825,s2-eth1,752767.25,16945.05,769712.31,16962,753520,499.50,256.74,756.24,257,500,0.00,0.00,0,0
1415339825,s2-eth3,11340.66,495522.50,506863.16,496018,11352,171.83,328.67,500.50,329,172,0.00,0.00,0,0
1415339825,s2-eth2,5670.33,257244.77,262915.09,257502,5676,85.91,170.83,256.74,171,86,0.00,0.00,0,0
1415339825,s3-eth1,495522.50,11340.66,506863.16,11352,496018,328.67,171.83,500.50,172,329,0.00,0.00,0,0
1415339825,s3-eth3,5736.26,260269.73,266006.00,260530,5742,86.91,172.83,259.74,173,87,0.00,0.00,0,0
1415339825,s3-eth2,5604.40,235252.75,240857.16,235488,5610,84.92,155.84,240.76,156,85,0.00,0.00,0,0
1415339825,eth0,0.00,0.00,0.00,0,0,0.00,0.00,0.00,0,0,0.00,0.00,0,0
1415339825,lo,0.00,0.00,0.00,0,0,0.00,0.00,0.00,0,0,0.00,0.00,0,0
1415339825,s4-eth1,260269.73,5736.26,266006.00,5742,260530,172.83,86.91,259.74,87,173,0.00,0.00,0,0
1415339825,s4-eth2,5736.26,260269.73,266006.00,260530,5742,86.91,172.83,259.74,173,87,0.00,0.00,0,0
1415339825,s0-eth1,1249802.25,28615.38,1278417.62,28644,1251052,829.17,433.57,1262.74,434,830,0.00,0.00,0,0
1415339825,s0-eth3,22747.25,1020599.44,1043346.69,1021620,22770,344.66,677.32,1021.98,678,345,0.00,0.00,0,0
1415339825,s0-eth2,5868.13,260269.73,266137.88,260530,5874,88.91,172.83,261.74,173,89,0.00,0.00,0,0
1415339825,total,3864345.75,3895412.75,7759758.50,3899308,3868210,3801.20,3822.18,7623.38,3826,3805,0.00,0.00,0,0
1415339826,s1-eth1,1089085.88,28187.62,1117273.50,28244,1091264,722.55,417.17,1139.72,418,724,0.00,0.00,0,0
1415339826,s1-eth3,19826.35,922878.25,942704.62,924724,19866,300.40,612.77,913.17,614,301,0.00,0.00,0,0
1415339826,s1-eth2,8427.15,235834.34,244261.48,236306,8444,117.76,156.69,274.45,157,118,0.00,0.00,0,0
1415339826,s2-eth1,922878.25,19826.35,942704.62,19866,924724,612.77,300.40,913.17,301,614,0.00,0.00,0,0
1415339826,s2-eth3,13107.79,636365.31,649473.06,637638,13134,198.60,422.16,620.76,423,199,0.00,0.00,0,0
1415339826,s2-eth2,6718.56,318243.53,324962.09,318880,6732,101.80,211.58,313.37,212,102,0.00,0.00,0,0
1415339826,s3-eth1,636365.31,13107.79,649473.06,13134,637638,422.16,198.60,620.76,199,423,0.00,0.00,0,0
1415339826,s3-eth3,6059.88,288718.56,294778.44,289296,6072,91.82,191.62,283.43,192,92,0.00,0.00,0,0
1415339826,s3-eth2,7047.90,347646.72,354694.62,348342,7062,106.79,230.54,337.33,231,107,0.00,0.00,0,0
1415339826,eth0,0.00,0.00,0.00,0,0,0.00,0.00,0.00,0,0,0.00,0.00,0,0
1415339826,lo,0.00,0.00,0.00,0,0,0.00,0.00,0.00,0,0,0.00,0.00,0,0
1415339826,s4-eth1,288718.56,6059.88,294778.44,6072,289296,191.62,91.82,283.43,92,192,0.00,0.00,0,0
1415339826,s4-eth2,6059.88,288718.56,294778.44,289296,6072,91.82,191.62,283.43,192,92,0.00,0.00,0,0
1415339826,s0-eth1,1250065.88,35145.71,1285211.62,35216,1252566,829.34,506.99,1336.33,508,831,0.00,0.00,0,0
1415339826,s0-eth3,28187.62,1089085.88,1117273.50,1091264,28244,417.17,722.55,1139.72,724,418,0.00,0.00,0,0
1415339826,s0-eth2,6946.11,201081.84,208027.95,201484,6960,89.82,133.73,223.55,134,90,0.00,0.00,0,0
1415339826,total,4289495.00,4430900.50,8720395.00,4439762,4298074,4294.41,4388.22,8682.63,4397,4303,0.00,0.00,0,0
1415339827,s1-eth1,1119728.25,35520.48,1155248.75,35556,1120848,743.26,487.51,1230.77,488,744,0.00,0.00,0,0
1415339827,s1-eth3,29916.08,913908.12,943824.19,914822,29946,402.60,606.39,1008.99,607,403,0.00,0.00,0,0
1415339827,s1-eth2,5604.40,266197.81,271802.22,266464,5610,84.92,175.82,260.74,176,85,0.00,0.00,0,0
1415339827,s2-eth1,913908.12,29916.08,943824.19,29946,914822,606.39,402.60,1008.99,403,607,0.00,0.00,0,0
1415339827,s2-eth3,18981.02,640843.19,659824.19,641484,19000,265.73,425.57,691.31,426,266,0.00,0.00,0,0
1415339827,s2-eth2,10935.07,244327.67,255262.75,244572,10946,136.86,161.84,298.70,162,137,0.00,0.00,0,0
1415339827,s3-eth1,640843.19,18981.02,659824.19,19000,641484,425.57,265.73,691.31,266,426,0.00,0.00,0,0
1415339827,s3-eth3,8703.30,395698.31,404401.62,396094,8712,131.87,262.74,394.61,263,132,0.00,0.00,0,0
1415339827,s3-eth2,10277.72,249682.33,259960.05,249932,10288,133.87,165.83,299.70,166,134,0.00,0.00,0,0
1415339827,eth0,0.00,0.00,0.00,0,0,0.00,0.00,0.00,0,0,0.00,0.00,0,0
1415339827,lo,0.00,0.00,0.00,0,0,0.00,0.00,0.00,0,0,0.00,0.00,0,0
1415339827,s4-eth1,395698.31,8703.30,404401.62,8712,396094,262.74,131.87,394.61,132,263,0.00,0.00,0,0
1415339827,s4-eth2,8703.30,395698.31,404401.62,396094,8712,131.87,262.74,394.61,263,132,0.00,0.00,0,0
1415339827,s0-eth1,1250619.38,40031.97,1290651.38,40072,1251870,830.17,545.45,1375.62,546,831,0.00,0.00,0,0
1415339827,s0-eth3,35520.48,1119728.25,1155248.75,1120848,35556,487.51,743.26,1230.77,744,488,0.00,0.00,0,0
1415339827,s0-eth2,4523.48,92261.74,96785.22,92354,4528,57.94,60.94,118.88,61,58,0.00,0.00,0,0
1415339827,total,4453962.00,4451498.50,8905461.00,4455950,4458416,4701.30,4698.30,9399.60,4703,4706,0.00,0.00,0,0
1415339828,s1-eth1,1250431.62,25582.42,1276014.00,25608,1251682,828.17,387.61,1215.78,388,829,0.00,0.00,0,0
1415339828,s1-eth3,20109.89,932631.38,952741.31,933564,20130,304.70,617.38,922.08,618,305,0.00,0.00,0,0
1415339828,s1-eth2,5406.59,246713.30,252119.89,246960,5412,81.92,163.84,245.75,164,82,0.00,0.00,0,0
1415339828,s2-eth1,932631.38,20109.89,952741.31,20130,933564,617.38,304.70,922.08,305,618,0.00,0.00,0,0
1415339828,s2-eth3,13846.15,645258.75,659104.94,645904,13860,209.79,427.57,637.36,428,210,0.00,0.00,0,0
1415339828,s2-eth2,6263.74,284347.66,290611.41,284632,6270,94.91,187.81,282.72,188,95,0.00,0.00,0,0
1415339828,s3-eth1,645258.75,13846.15,659104.94,13860,645904,427.57,209.79,637.36,210,428,0.00,0.00,0,0
1415339828,s3-eth3,8109.89,374523.50,382633.38,374898,8118,122.88,248.75,371.63,249,123,0.00,0.00,0,0
1415339828,s3-eth2,5670.33,269222.78,274893.12,269492,5676,85.91,177.82,263.74,178,86,0.00,0.00,0,0
1415339828,eth0,0.00,0.00,0.00,0,0,0.00,0.00,0.00,0,0,0.00,0.00,0,0
1415339828,lo,859.14,859.14,1718.28,860,860,14.99,14.99,29.97,15,15,0.00,0.00,0,0
1415339828,s4-eth1,374523.50,8109.89,382633.38,8118,374898,248.75,122.88,371.63,123,249,0.00,0.00,0,0
1415339828,s4-eth2,8109.89,374523.50,382633.38,374898,8118,122.88,248.75,371.63,249,123,0.00,0.00,0,0
1415339828,s0-eth1,1250309.75,29072.93,1279382.62,29102,1251560,827.17,434.57,1261.74,435,828,0.00,0.00,0,0
1415339828,s0-eth3,25582.42,1250431.62,1276014.00,1251682,25608,387.61,828.17,1215.78,829,388,0.00,0.00,0,0
1415339828,s0-eth2,3556.44,146711.30,150267.73,146858,3560,47.95,96.90,144.86,97,48,0.00,0.00,0,0
1415339828,total,4550669.50,4621944.00,9172614.00,4626566,4555220,4422.58,4471.53,8894.11,4476,4427,0.00,0.00,0,0
1415339829,s1-eth1,1152749.25,40891.11,1193640.38,40932,1153902,762.24,537.46,1299.70,538,763,0.00,0.00,0,0
1415339829,s1-eth3,32891.11,967408.62,1000299.75,968376,32924,431.57,639.36,1070.93,640,432,0.00,0.00,0,0
1415339829,s1-eth2,8065.93,220127.88,228193.81,220348,8074,106.89,145.85,252.75,146,107,0.00,0.00,0,0
1415339829,s2-eth1,967408.62,32891.11,1000299.75,32924,968376,639.36,431.57,1070.93,432,640,0.00,0.00,0,0
1415339829,s2-eth3,23684.32,749610.44,773294.75,750360,23708,317.68,495.50,813.19,496,318,0.00,0.00,0,0
1415339829,s2-eth2,9206.79,222335.67,231542.47,222558,9216,113.89,146.85,260.74,147,114,0.00,0.00,0,0
1415339829,s3-eth1,749610.44,23684.32,773294.75,23708,750360,495.50,317.68,813.19,318,496,0.00,0.00,0,0
1415339829,s3-eth3,16761.24,425009.00,441770.25,425434,16778,212.79,280.72,493.51,281,213,0.00,0.00,0,0
1415339829,s3-eth2,6923.08,321576.44,328499.50,321898,6930,104.90,212.79,317.68,213,105,0.00,0.00,0,0
1415339829,eth0,0.00,0.00,0.00,0,0,0.00,0.00,0.00,0,0,0.00,0.00,0,0
1415339829,lo,0.00,0.00,0.00,0,0,0.00,0.00,0.00,0,0,0.00,0.00,0,0
1415339829,s4-eth1,425009.00,16761.24,441770.25,16778,425434,280.72,212.79,493.51,213,281,0.00,0.00,0,0
1415339829,s4-eth2,16761.24,428033.97,444795.22,428462,16778,212.79,282.72,495.50,283,213,0.00,0.00,0,0
1415339829,s0-eth1,1252000.00,43808.19,1295808.25,43852,1253252,829.17,569.43,1398.60,570,830,0.00,0.00,0,0
1415339829,s0-eth3,40891.11,1152749.25,1193640.38,1153902,40932,537.46,762.24,1299.70,763,538,0.00,0.00,0,0
1415339829,s0-eth2,2851.15,48399.60,51250.75,48448,2854,30.97,31.97,62.94,32,31,0.00,0.00,0,0
1415339829,total,4704813.50,4693287.00,9398100.00,4697980,4709518,5075.92,5066.93,10142.86,5072,5081,0.00,0.00,0,0
1415339830,s1-eth1,1251382.00,26418.00,1277800.00,26418,1251382,827.00,399.00,1226.00,399,827,0.00,0.00,0,0
1415339830,s1-eth3,21252.00,977348.00,998600.00,977348,21252,322.00,646.00,968.00,646,322,0.00,0.00,0,0
1415339830,s1-eth2,5100.00,222558.00,227658.00,222558,5100,76.00,147.00,223.00,147,76,0.00,0.00,0,0
1415339830,s2-eth1,977348.00,21252.00,998600.00,21252,977348,646.00,322.00,968.00,322,646,0.00,0.00,0,0
1415339830,s2-eth3,15774.00,724510.00,740284.00,724510,15774,239.00,479.00,718.00,479,239,0.00,0.00,0,0
1415339830,s2-eth2,5478.00,248296.00,253774.00,248296,5478,83.00,164.00,247.00,164,83,0.00,0.00,0,0
1415339830,s3-eth1,724510.00,15774.00,740284.00,15774,724510,479.00,239.00,718.00,239,479,0.00,0.00,0,0
1415339830,s3-eth3,9108.00,431490.00,440598.00,431490,9108,138.00,285.00,423.00,285,138,0.00,0.00,0,0
1415339830,s3-eth2,6732.00,293020.00,299752.00,293020,6732,102.00,194.00,296.00,194,102,0.00,0.00,0,0
1415339830,eth0,0.00,0.00,0.00,0,0,0.00,0.00,0.00,0,0,0.00,0.00,0,0
1415339830,lo,0.00,0.00,0.00,0,0,0.00,0.00,0.00,0,0,0.00,0.00,0,0
1415339830,s4-eth1,431490.00,9108.00,440598.00,9108,431490,285.00,138.00,423.00,138,285,0.00,0.00,0,0
1415339830,s4-eth2,9108.00,431490.00,440598.00,431490,9108,138.00,285.00,423.00,285,138,0.00,0.00,0,0
1415339830,s0-eth1,1249868.00,28766.00,1278634.00,28766,1249868,826.00,433.00,1259.00,433,826,0.00,0.00,0,0
1415339830,s0-eth3,26418.00,1251382.00,1277800.00,1251382,26418,399.00,827.00,1226.00,827,399,0.00,0.00,0,0
1415339830,s0-eth2,2411.59,104361.64,106773.23,104466,2414,34.97,68.93,103.90,69,35,0.00,0.00,0,0
1415339830,total,4731251.00,4781097.00,9512348.00,4785878,4735982,4590.41,4622.38,9212.79,4627,4595,0.00,0.00,0,0
1415339831,s1-eth1,1182237.75,38577.42,1220815.25,38616,1183420,781.22,531.47,1312.69,532,782,0.00,0.00,0,0
1415339831,s1-eth3,32385.62,965952.06,998337.69,966918,32418,444.56,638.36,1082.92,639,445,0.00,0.00,0,0
1415339831,s1-eth2,6257.74,196623.38,202881.12,196820,6264,87.91,129.87,217.78,130,88,0.00,0.00,0,0
1415339831,s2-eth1,965952.06,32385.62,998337.69,32418,966918,638.36,444.56,1082.92,445,639,0.00,0.00,0,0
1415339831,s2-eth3,25528.47,661942.06,687470.56,662604,25554,340.66,437.56,778.22,438,341,0.00,0.00,0,0
1415339831,s2-eth2,6791.21,307034.97,313826.19,307342,6798,102.90,202.80,305.69,203,103,0.00,0.00,0,0
1415339831,s3-eth1,661942.06,25528.47,687470.56,25554,662604,437.56,340.66,778.22,341,438,0.00,0.00,0,0
1415339831,s3-eth3,16837.16,413894.12,430731.28,414308,16854,218.78,273.73,492.51,274,219,0.00,0.00,0,0
1415339831,s3-eth2,8691.31,248047.95,256739.27,248296,8700,121.88,163.84,285.71,164,122,0.00,0.00,0,0
1415339831,eth0,0.00,0.00,0.00,0,0,0.00,0.00,0.00,0,0,0.00,0.00,0,0
1415339831,lo,0.00,0.00,0.00,0,0,0.00,0.00,0.00,0,0,0.00,0.00,0,0
1415339831,s4-eth1,413894.12,16837.16,430731.28,16854,414308,273.73,218.78,492.51,219,274,0.00,0.00,0,0
1415339831,s4-eth2,16771.23,410869.16,427640.38,411280,16788,217.78,271.73,489.51,272,218,0.00,0.00,0,0
1415339831,s0-eth1,1250299.75,40359.64,1290659.38,40400,1251550,826.17,551.45,1377.62,552,827,0.00,0.00,0,0
1415339831,s0-eth3,38577.42,1182237.75,1220815.25,1183420,38616,531.47,781.22,1312.69,782,532,0.00,0.00,0,0
1415339831,s0-eth2,1716.28,25712.29,27428.57,25738,1718,18.98,16.98,35.96,17,19,0.00,0.00,0,0
1415339831,total,4627882.00,4566002.00,9193884.00,4570568,4632510,5041.96,5003.00,10044.96,5008,5047,0.00,0.00,0,0
1415339832,s1-eth1,1152071.75,30885.34,1182957.12,30978,1155528,761.71,449.65,1211.37,451,764,0.00,0.00,0,0
1415339832,s1-eth3,24335.33,928085.88,952421.19,929942,24384,357.29,613.77,971.06,615,358,0.00,0.00,0,0
1415339832,s1-eth2,6425.15,202471.06,208896.22,202876,6438,90.82,133.73,224.55,134,91,0.00,0.00,0,0
1415339832,s2-eth1,928085.88,24335.33,952421.19,24384,929942,613.77,357.29,971.06,358,615,0.00,0.00,0,0
1415339832,s2-eth3,16089.82,672385.25,688475.06,673730,16122,238.52,444.11,682.63,445,239,0.00,0.00,0,0
1415339832,s2-eth2,8233.53,254189.62,262423.16,254698,8250,118.76,168.66,287.43,169,119,0.00,0.00,0,0
1415339832,s3-eth1,672385.25,16089.82,688475.06,16122,673730,444.11,238.52,682.63,239,445,0.00,0.00,0,0
1415339832,s3-eth3,10269.46,409475.06,419744.53,410294,10290,150.70,270.46,421.16,271,151,0.00,0.00,0,0
1415339832,s3-eth2,5664.67,262910.19,268574.84,263436,5676,85.83,173.65,259.48,174,86,0.00,0.00,0,0
1415339832,eth0,0.00,0.00,0.00,0,0,0.00,0.00,0.00,0,0,0.00,0.00,0,0
1415339832,lo,0.00,0.00,0.00,0,0,0.00,0.00,0.00,0,0,0.00,0.00,0,0
1415339832,s4-eth1,409475.06,10269.46,419744.53,10290,410294,270.46,150.70,421.16,151,271,0.00,0.00,0,0
1415339832,s4-eth2,10257.49,410986.03,421243.53,411808,10278,150.70,271.46,422.16,272,151,0.00,0.00,0,0
1415339832,s0-eth1,1252946.12,33309.38,1286255.50,33376,1255452,828.34,483.03,1311.38,484,830,0.00,0.00,0,0
1415339832,s0-eth3,30916.17,1153221.62,1184137.75,1155528,30978,450.10,762.48,1212.57,764,451,0.00,0.00,0,0
1415339832,s0-eth2,2303.39,83103.80,85407.19,83270,2308,31.94,54.89,86.83,55,32,0.00,0.00,0,0
1415339832,total,4530609.00,4491748.50,9022358.00,4500732,4539670,4593.81,4572.85,9166.67,4582,4603,0.00,0.00,0,0
1415339833,s1-eth1,1188815.25,30741.26,1219556.50,30772,1190004,785.21,447.55,1232.77,448,786,0.00,0.00,0,0
1415339833,s1-eth3,25256.74,963454.56,988711.31,964418,25282,364.64,636.36,1001.00,637,365,0.00,0.00,0,0
1415339833,s1-eth2,5574.43,228385.62,233960.05,228614,5580,83.92,150.85,234.77,151,84,0.00,0.00,0,0
1415339833,s2-eth1,962493.06,25231.54,987724.56,25282,964418,635.73,364.27,1000.00,365,637,0.00,0.00,0,0
1415339833,s2-eth3,18465.07,667852.31,686317.38,669188,18502,264.47,441.12,705.59,442,265,0.00,0.00,0,0
1415339833,s2-eth2,6844.31,293129.75,299974.06,293716,6858,100.80,193.61,294.41,194,101,0.00,0.00,0,0
1415339833,s3-eth1,667852.31,18465.07,686317.38,18502,669188,441.12,264.47,705.59,265,442,0.00,0.00,0,0
1415339833,s3-eth3,11309.38,339970.06,351279.44,340650,11332,155.69,224.55,380.24,225,156,0.00,0.00,0,0
1415339833,s3-eth2,7245.51,330904.19,338149.72,331566,7260,109.78,218.56,328.34,219,110,0.00,0.00,0,0
1415339833,eth0,0.00,0.00,0.00,0,0,0.00,0.00,0.00,0,0,0.00,0.00,0,0
1415339833,lo,858.28,858.28,1716.57,860,860,14.97,14.97,29.94,15,15,0.00,0.00,0,0
1415339833,s4-eth1,339970.06,11309.38,351279.44,11332,340650,224.55,155.69,380.24,156,225,0.00,0.00,0,0
1415339833,s4-eth2,11387.23,338459.09,349846.31,339136,11410,156.69,223.55,380.24,224,157,0.00,0.00,0,0
1415339833,s0-eth1,1249578.88,33628.74,1283207.62,33696,1252078,825.35,489.02,1314.37,490,827,0.00,0.00,0,0
1415339833,s0-eth3,30710.58,1187628.75,1218339.38,1190004,30772,447.11,784.43,1231.54,786,448,0.00,0.00,0,0
1415339833,s0-eth2,3007.98,110301.40,113309.38,110522,3014,42.91,72.85,115.77,73,43,0.00,0.00,0,0
1415339833,total,4528152.00,4579100.00,9107252.00,4588258,4537208,4651.70,4680.64,9332.34,4690,4661,0.00,0.00,0,0
1415339834,s1-eth1,1169152.88,25384.62,1194537.50,25410,1170322,772.23,384.62,1156.84,385,773,0.00,0.00,0,0
1415339834,s1-eth3,20571.43,945304.75,965876.12,946250,20592,311.69,624.38,936.06,625,312,0.00,0.00,0,0
1415339834,s1-eth2,4813.19,220823.19,225636.38,221044,4818,72.93,145.85,218.78,146,73,0.00,0.00,0,0
1415339834,s2-eth1,945304.75,20571.43,965876.12,20592,946250,624.38,311.69,936.06,312,625,0.00,0.00,0,0
1415339834,s2-eth3,14505.50,663982.06,678487.50,664646,14520,219.78,438.56,658.34,439,220,0.00,0.00,0,0
1415339834,s2-eth2,6065.93,284347.66,290413.59,284632,6072,91.91,187.81,279.72,188,92,0.00,0.00,0,0
1415339834,s3-eth1,663982.06,14505.50,678487.50,14520,664646,438.56,219.78,658.34,220,439,0.00,0.00,0,0
1415339834,s3-eth3,8505.50,391734.28,400239.78,392126,8514,128.87,258.74,387.61,259,129,0.00,0.00,0,0
1415339834,s3-eth2,6065.93,272247.75,278313.69,272520,6072,91.91,179.82,271.73,180,92,0.00,0.00,0,0
1415339834,eth0,0.00,0.00,0.00,0,0,0.00,0.00,0.00,0,0,0.00,0.00,0,0
1415339834,lo,0.00,0.00,0.00,0,0,0.00,0.00,0.00,0,0,0.00,0.00,0,0
1415339834,s4-eth1,391734.28,8505.50,400239.78,8514,392126,258.74,128.87,387.61,129,259,0.00,0.00,0,0
1415339834,s4-eth2,8439.56,391734.28,400173.84,392126,8448,127.87,258.74,386.61,259,128,0.00,0.00,0,0
1415339834,s0-eth1,1249314.75,27824.18,1277138.88,27852,1250564,825.17,421.58,1246.75,422,826,0.00,0.00,0,0
1415339834,s0-eth3,25384.62,1169152.88,1194537.50,1170322,25410,384.62,772.23,1156.84,773,385,0.00,0.00,0,0
1415339834,s0-eth2,2439.56,102849.16,105288.71,102952,2442,36.96,67.93,104.90,68,37,0.00,0.00,0,0
1415339834,total,4516280.00,4538967.00,9055247.00,4543506,4520796,4385.61,4400.60,8786.21,4405,4390,0.00,0.00,0,0
1415339835,s1-eth1,1137390.62,30407.59,1167798.25,30438,1138528,751.25,444.56,1195.80,445,752,0.00,0.00,0,0
1415339835,s1-eth3,23478.52,942279.75,965758.25,943222,23502,346.65,622.38,969.03,623,347,0.00,0.00,0,0
1415339835,s1-eth2,6929.07,198135.88,205064.94,198334,6936,97.90,130.87,228.77,131,98,0.00,0.00,0,0
1415339835,s2-eth1,942279.75,23478.52,965758.25,23502,943222,622.38,346.65,969.03,347,623,0.00,0.00,0,0
1415339835,s2-eth3,14835.17,689694.31,704529.50,690384,14850,224.78,455.54,680.32,456,225,0.00,0.00,0,0
1415339835,s2-eth2,8577.42,249560.45,258137.88,249810,8586,120.88,164.84,285.71,165,121,0.00,0.00,0,0
1415339835,s3-eth1,689694.31,14835.17,704529.50,14850,690384,455.54,224.78,680.32,225,456,0.00,0.00,0,0
1415339835,s3-eth3,8505.50,393246.75,401752.25,393640,8514,128.87,259.74,388.61,260,129,0.00,0.00,0,0
1415339835,s3-eth2,6329.67,296447.56,302777.22,296744,6336,95.90,195.80,291.71,196,96,0.00,0.00,0,0
1415339835,eth0,0.00,0.00,0.00,0,0,0.00,0.00,0.00,0,0,0.00,0.00,0,0
1415339835,lo,0.00,0.00,0.00,0,0,0.00,0.00,0.00,0,0,0.00,0.00,0,0
1415339835,s4-eth1,393246.75,8505.50,401752.25,8514,393640,259.74,128.87,388.61,129,260,0.00,0.00,0,0
1415339835,s4-eth2,8571.43,393246.75,401818.19,393640,8580,129.87,259.74,389.61,260,130,0.00,0.00,0,0
1415339835,s0-eth1,1250827.25,33776.23,1284603.38,33810,1252078,826.17,492.51,1318.68,493,827,0.00,0.00,0,0
1415339835,s0-eth3,30407.59,1137390.62,1167798.25,1138528,30438,444.56,751.25,1195.80,752,445,0.00,0.00,0,0
1415339835,s0-eth2,3368.63,95286.72,98655.34,95382,3372,47.95,62.94,110.89,63,48,0.00,0.00,0,0
1415339835,total,4524441.50,4506292.00,9030734.00,4510798,4528966,4552.45,4540.46,9092.91,4545,4557,0.00,0.00,0,0
1415339836,s1-eth1,1169152.88,26337.66,1195490.50,26364,1170322,772.23,395.60,1167.83,396,773,0.00,0.00,0,0
1415339836,s1-eth3,21854.15,951354.69,973208.81,952306,21876,327.67,628.37,956.04,629,328,0.00,0.00,0,0
1415339836,s1-eth2,4549.45,214773.23,219322.69,214988,4554,68.93,141.86,210.79,142,69,0.00,0.00,0,0
1415339836,s2-eth1,951354.69,21854.15,973208.81,21876,952306,628.37,327.67,956.04,328,629,0.00,0.00,0,0
1415339836,s2-eth3,15974.03,695744.25,711718.31,696440,15990,238.76,459.54,698.30,460,239,0.00,0.00,0,0
1415339836,s2-eth2,5868.13,261660.34,267528.47,261922,5874,88.91,172.83,261.74,173,89,0.00,0.00,0,0
1415339836,s3-eth1,695744.25,15974.03,711718.31,15990,696440,459.54,238.76,698.30,239,460,0.00,0.00,0,0
1415339836,s3-eth3,9380.62,382659.34,392039.97,383042,9390,138.86,252.75,391.61,253,139,0.00,0.00,0,0
1415339836,s3-eth2,6593.41,310059.94,316653.34,310370,6600,99.90,204.80,304.70,205,100,0.00,0.00,0,0
1415339836,eth0,0.00,0.00,0.00,0,0,0.00,0.00,0.00,0,0,0.00,0.00,0,0
1415339836,lo,0.00,0.00,0.00,0,0,0.00,0.00,0.00,0,0,0.00,0.00,0,0
1415339836,s4-eth1,382659.34,9380.62,392039.97,9390,383042,252.75,138.86,391.61,139,253,0.00,0.00,0,0
1415339836,s4-eth2,9302.70,384171.84,393474.53,384556,9312,137.86,253.75,391.61,254,138,0.00,0.00,0,0
1415339836,s0-eth1,1249314.75,28525.47,1277840.25,28554,1250564,825.17,428.57,1253.75,429,826,0.00,0.00,0,0
1415339836,s0-eth3,26337.66,1169152.88,1195490.50,1170322,26364,395.60,772.23,1167.83,773,396,0.00,0.00,0,0
1415339836,s0-eth2,2175.82,99824.18,102000.00,99924,2178,32.97,65.93,98.90,66,33,0.00,0.00,0,0
1415339836,total,4550262.00,4571472.50,9121735.00,4576044,4554812,4467.53,4481.52,8949.05,4486,4472,0.00,0.00,0,0
1415339837,s1-eth1,1144481.50,29898.10,1174379.62,29928,1145626,756.24,437.56,1193.81,438,757,0.00,0.00,0,0
1415339837,s1-eth3,24293.71,888871.12,913164.88,889760,24318,352.65,587.41,940.06,588,353,0.00,0.00,0,0
1415339837,s1-eth2,5604.40,255610.39,261214.80,255866,5610,84.92,168.83,253.75,169,85,0.00,0.00,0,0
1415339837,s2-eth1,888871.12,24293.71,913164.88,24318,889760,587.41,352.65,940.06,353,588,0.00,0.00,0,0
1415339837,s2-eth3,17142.86,677594.44,694737.31,678272,17160,251.75,447.55,699.30,448,252,0.00,0.00,0,0
1415339837,s2-eth2,7162.84,205226.78,212389.61,205432,7170,100.90,135.86,236.76,136,101,0.00,0.00,0,0
1415339837,s3-eth1,677594.44,17142.86,694737.31,17160,678272,447.55,251.75,699.30,252,448,0.00,0.00,0,0
1415339837,s3-eth3,9032.97,297960.06,306993.00,298258,9042,128.87,196.80,325.67,197,129,0.00,0.00,0,0
1415339837,s3-eth2,8109.89,379634.38,387744.28,380014,8118,122.88,250.75,373.63,251,123,0.00,0.00,0,0
1415339837,eth0,0.00,0.00,0.00,0,0,0.00,0.00,0.00,0,0,0.00,0.00,0,0
1415339837,lo,0.00,0.00,0.00,0,0,0.00,0.00,0.00,0,0,0.00,0.00,0,0
1415339837,s4-eth1,297960.06,9032.97,306993.00,9042,298258,196.80,128.87,325.67,129,197,0.00,0.00,0,0
1415339837,s4-eth2,9110.89,296447.56,305558.44,296744,9120,129.87,195.80,325.67,196,130,0.00,0.00,0,0
1415339837,s0-eth1,1250355.62,32259.74,1282615.38,32292,1251606,826.17,473.53,1299.70,474,827,0.00,0.00,0,0
1415339837,s0-eth3,29898.10,1144481.50,1174379.62,1145626,29928,437.56,756.24,1193.81,757,438,0.00,0.00,0,0
1415339837,s0-eth2,2373.63,108899.10,111272.73,109008,2376,35.96,71.93,107.89,72,36,0.00,0.00,0,0
1415339837,total,4371992.00,4367353.00,8739345.00,4371720,4376364,4459.54,4455.54,8915.09,4460,4464,0.00,0.00,0,0
1415339838,s1-eth1,1173209.62,25874.25,1199083.88,25926,1175556,776.45,390.22,1166.67,391,778,0.00,0.00,0,0
1415339838,s1-eth3,20712.58,942029.94,962742.56,943914,20754,312.38,623.75,936.13,625,313,0.00,0.00,0,0
1415339838,s1-eth2,5095.81,231179.64,236275.45,231642,5106,76.85,152.69,229.54,153,77,0.00,0.00,0,0
1415339838,s2-eth1,942029.94,20712.58,962742.56,20754,943914,623.75,312.38,936.13,313,625,0.00,0.00,0,0
1415339838,s2-eth3,15622.75,722938.12,738560.88,724384,15654,236.53,479.04,715.57,480,237,0.00,0.00,0,0
1415339838,s2-eth2,5155.69,219091.83,224247.52,219530,5166,76.85,144.71,221.56,145,77,0.00,0.00,0,0
1415339838,s3-eth1,722938.12,15622.75,738560.88,15654,724384,479.04,236.53,715.57,237,480,0.00,0.00,0,0
1415339838,s3-eth3,7245.51,342992.03,350237.53,343678,7260,109.78,226.55,336.33,227,110,0.00,0.00,0,0
1415339838,s3-eth2,8299.40,379946.12,388245.53,380706,8316,125.75,252.50,378.24,253,126,0.00,0.00,0,0
1415339838,eth0,0.00,0.00,0.00,0,0,0.00,0.00,0.00,0,0,0.00,0.00,0,0
1415339838,lo,858.28,858.28,1716.57,860,860,14.97,14.97,29.94,15,15,0.00,0.00,0,0
1415339838,s4-eth1,342992.03,7245.51,350237.53,7260,343678,226.55,109.78,336.33,110,227,0.00,0.00,0,0
1415339838,s4-eth2,7245.51,342992.03,350237.53,343678,7260,109.78,226.55,336.33,227,110,0.00,0.00,0,0
1415339838,s0-eth1,1250964.12,28353.29,1279317.38,28410,1253466,827.35,426.15,1253.49,427,829,0.00,0.00,0,0
1415339838,s0-eth3,25874.25,1173209.62,1199083.88,1175556,25926,390.22,776.45,1166.67,778,391,0.00,0.00,0,0
1415339838,s0-eth2,2544.91,98213.58,100758.48,98410,2550,36.93,64.87,101.80,65,37,0.00,0.00,0,0
1415339838,total,4530788.50,4551259.50,9082048.00,4560362,4539850,4423.15,4437.13,8860.28,4446,4432,0.00,0.00,0,0
1415339839,s1-eth1,1088991.00,32497.50,1121488.50,32530,1090080,719.28,460.54,1179.82,461,720,0.00,0.00,0,0
1415339839,s1-eth3,25850.15,922617.44,948467.56,923540,25876,367.63,609.39,977.02,610,368,0.00,0.00,0,0
1415339839,s1-eth2,6647.35,186035.97,192683.33,186222,6654,92.91,122.88,215.78,123,93,0.00,0.00,0,0
1415339839,s2-eth1,922617.44,25850.15,948467.56,25876,923540,609.39,367.63,977.02,368,610,0.00,0.00,0,0
1415339839,s2-eth3,18729.27,700281.75,719011.00,700982,18748,265.73,462.54,728.27,463,266,0.00,0.00,0,0
1415339839,s2-eth2,7120.88,225360.64,232481.53,225586,7128,101.90,148.85,250.75,149,102,0.00,0.00,0,0
1415339839,s3-eth1,700281.75,18729.27,719011.00,18748,700982,462.54,265.73,728.27,266,463,0.00,0.00,0,0
1415339839,s3-eth3,9956.04,459796.22,469752.25,460256,9966,150.85,303.70,454.55,304,151,0.00,0.00,0,0
1415339839,s3-eth2,8851.15,240485.52,249336.67,240726,8860,115.88,158.84,274.73,159,116,0.00,0.00,0,0
1415339839,eth0,0.00,0.00,0.00,0,0,0.00,0.00,0.00,0,0,0.00,0.00,0,0
1415339839,lo,0.00,0.00,0.00,0,0,0.00,0.00,0.00,0,0,0.00,0.00,0,0
1415339839,s4-eth1,459796.22,9956.04,469752.25,9966,460256,303.70,150.85,454.55,151,304,0.00,0.00,0,0
1415339839,s4-eth2,9956.04,459796.22,469752.25,460256,9966,150.85,303.70,454.55,304,151,0.00,0.00,0,0
1415339839,s0-eth1,1251644.38,36033.97,1287678.38,36070,1252896,827.17,512.49,1339.66,513,828,0.00,0.00,0,0
1415339839,s0-eth3,32497.50,1090503.50,1123001.00,1091594,32530,460.54,720.28,1180.82,721,461,0.00,0.00,0,0
1415339839,s0-eth2,3536.46,120999.01,124535.47,121120,3540,51.95,79.92,131.87,80,52,0.00,0.00,0,0
1415339839,total,4546475.50,4528943.00,9075419.00,4533472,4551022,4680.32,4667.33,9347.65,4672,4685,0.00,0.00,0,0
1415339840,s1-eth1,1164444.00,24816.00,1189260.00,24816,1164444,770.00,376.00,1146.00,376,770,0.00,0.00,0,0
1415339840,s1-eth3,19932.00,916148.00,936080.00,916148,19932,302.00,606.00,908.00,606,302,0.00,0.00,0,0
1415339840,s1-eth2,4950.00,228614.00,233564.00,228614,4950,75.00,151.00,226.00,151,75,0.00,0.00,0,0
1415339840,s2-eth1,916148.00,19932.00,936080.00,19932,916148,606.00,302.00,908.00,302,606,0.00,0.00,0,0
1415339840,s2-eth3,15378.00,711758.00,727136.00,711758,15378,233.00,471.00,704.00,471,233,0.00,0.00,0,0
1415339840,s2-eth2,4554.00,201362.00,205916.00,201362,4554,69.00,133.00,202.00,133,69,0.00,0.00,0,0
1415339840,s3-eth1,711758.00,15378.00,727136.00,15378,711758,471.00,233.00,704.00,233,471,0.00,0.00,0,0
1415339840,s3-eth3,8184.00,375472.00,383656.00,375472,8184,124.00,248.00,372.00,248,124,0.00,0.00,0,0
1415339840,s3-eth2,7194.00,336286.00,343480.00,336286,7194,109.00,223.00,332.00,223,109,0.00,0.00,0,0
1415339840,eth0,0.00,0.00,0.00,0,0,0.00,0.00,0.00,0,0,0.00,0.00,0,0
1415339840,lo,0.00,0.00,0.00,0,0,0.00,0.00,0.00,0,0,0.00,0.00,0,0
1415339840,s4-eth1,375096.91,8175.82,383272.75,8184,375472,247.75,123.88,371.63,124,248,0.00,0.00,0,0
1415339840,s4-eth2,8175.82,375096.91,383272.75,375472,8184,123.88,247.75,371.63,248,124,0.00,0.00,0,0
1415339840,s0-eth1,1229652.38,27362.64,1257015.00,27390,1230882,812.19,414.59,1226.77,415,813,0.00,0.00,0,0
1415339840,s0-eth3,24816.00,1162930.00,1187746.00,1162930,24816,376.00,769.00,1145.00,769,376,0.00,0.00,0,0
1415339840,s0-eth2,2508.00,112036.00,114544.00,112036,2508,38.00,74.00,112.00,74,38,0.00,0.00,0,0
1415339840,total,4494404.00,4515778.00,9010182.00,4515778,4494404,4358.00,4373.00,8731.00,4373,4358,0.00,0.00,0,0
1415339841,s1-eth1,1037716.00,30882.00,1068598.00,30882,1037716,686.00,445.00,1131.00,445,686,0.00,0.00,0,0
1415339841,s1-eth3,23166.00,865312.00,888478.00,865312,23166,339.00,572.00,911.00,572,339,0.00,0.00,0,0
1415339841,s1-eth2,7716.00,199656.00,207372.00,199656,7716,106.00,132.00,238.00,132,106,0.00,0.00,0,0
1415339841,s2-eth1,865312.00,23166.00,888478.00,23166,865312,572.00,339.00,911.00,339,572,0.00,0.00,0,0
1415339841,s2-eth3,18480.00,666978.00,685458.00,666978,18480,268.00,441.00,709.00,441,268,0.00,0.00,0,0
1415339841,s2-eth2,4686.00,210446.00,215132.00,210446,4686,71.00,139.00,210.00,139,71,0.00,0.00,0,0
1415339841,s3-eth1,666978.00,18480.00,685458.00,18480,666978,441.00,268.00,709.00,268,441,0.00,0.00,0,0
1415339841,s3-eth3,8382.00,381528.00,389910.00,381528,8382,127.00,252.00,379.00,252,127,0.00,0.00,0,0
1415339841,s3-eth2,9672.41,273419.53,283091.94,285450,10098,135.06,181.03,316.09,189,141,0.00,0.00,0,0
1415339841,eth0,0.00,0.00,0.00,0,0,0.00,0.00,0.00,0,0,0.00,0.00,0,0
1415339841,lo,0.00,0.00,0.00,0,0,0.00,0.00,0.00,0,0,0.00,0.00,0,0
1415339841,s4-eth1,365448.28,8028.74,373477.00,8382,381528,241.38,121.65,363.03,127,252,0.00,0.00,0,0
1415339841,s4-eth2,8028.74,368348.66,376377.38,384556,8382,121.65,243.30,364.94,254,127,0.00,0.00,0,0
1415339841,s0-eth1,1187026.75,32109.20,1219136.00,33522,1239256,785.44,464.56,1250.00,485,820,0.00,0.00,0,0
1415339841,s0-eth3,29643.68,1009932.94,1039576.62,1054370,30948,427.20,667.62,1094.83,697,446,0.00,0.00,0,0
1415339841,s0-eth2,2528.74,110214.55,112743.30,115064,2640,38.31,72.80,111.11,76,40,0.00,0.00,0,0
1415339841,total,4123839.00,4097501.75,8221341.00,4277792,4305288,4249.04,4229.88,8478.93,4416,4436,0.00,0.00,0,0
1415339842,s1-eth1,1127539.12,23598.47,1151137.62,24684,1179406,744.74,357.55,1102.29,374,779,0.00,0.00,0,0
1415339842,s1-eth3,19181.64,898847.00,918028.62,940194,20064,290.63,593.69,884.32,621,304,0.00,0.00,0,0
1415339842,s1-eth2,4416.83,206980.88,211397.70,216502,4620,66.92,136.71,203.63,143,70,0.00,0.00,0,0
1415339842,s2-eth1,898847.00,19181.64,918028.62,20064,940194,593.69,290.63,884.32,304,621,0.00,0.00,0,0
1415339842,s2-eth3,14386.23,668707.44,683093.69,699468,15048,217.97,441.68,659.66,462,228,0.00,0.00,0,0
1415339842,s2-eth2,4795.41,218560.22,223355.64,228614,5016,72.66,144.36,217.02,151,76,0.00,0.00,0,0
1415339842,s3-eth1,668707.44,14386.23,683093.69,15048,699468,441.68,217.97,659.66,228,462,0.00,0.00,0,0
1415339842,s3-eth3,8202.68,383565.97,391768.62,401210,8580,124.28,253.35,377.63,265,130,0.00,0.00,0,0
1415339842,s3-eth2,6389.22,297662.69,304051.91,298258,6402,96.81,196.61,293.41,197,97,0.00,0.00,0,0
1415339842,eth0,0.00,0.00,0.00,0,0,0.00,0.00,0.00,0,0,0.00,0.00,0,0
1415339842,lo,590.82,590.82,1181.64,592,592,5.99,5.99,11.98,6,6,0.00,0.00,0,0
1415339842,s4-eth1,400409.19,8562.87,408972.06,8580,401210,264.47,129.74,394.21,130,265,0.00,0.00,0,0
1415339842,s4-eth2,8562.87,397387.25,405950.12,398182,8580,129.74,262.48,392.22,263,130,0.00,0.00,0,0
1415339842,s0-eth1,1233000.00,27508.98,1260509.00,27564,1235466,815.37,417.17,1232.53,418,817,0.00,0.00,0,0
1415339842,s0-eth3,24568.86,1161942.12,1186511.00,1164266,24618,372.26,767.47,1139.72,769,373,0.00,0.00,0,0
1415339842,s0-eth2,2874.25,125453.09,128327.35,125704,2880,43.91,83.83,127.74,84,44,0.00,0.00,0,0
1415339842,total,4543058.00,4559810.50,9102869.00,4568930,4552144,4393.21,4406.19,8799.40,4415,4402,0.00,0.00,0,0
1415339843,s1-eth1,1141724.00,25182.00,1166906.00,25182,1141724,758.00,383.00,1141.00,383,758,0.00,0.00,0,0
1415339843,s1-eth3,20058.00,913068.00,933126.00,913068,20058,305.00,606.00,911.00,606,305,0.00,0.00,0,0
1415339843,s1-eth2,5058.00,230170.00,235228.00,230170,5058,77.00,153.00,230.00,153,77,0.00,0.00,0,0
1415339843,s2-eth1,913068.00,20058.00,933126.00,20058,913068,606.00,305.00,911.00,305,606,0.00,0.00,0,0
1415339843,s2-eth3,15396.00,708636.00,724032.00,708636,15396,234.00,470.00,704.00,470,234,0.00,0.00,0,0
1415339843,s2-eth2,4596.00,207460.00,212056.00,207460,4596,70.00,138.00,208.00,138,70,0.00,0.00,0,0
1415339843,s3-eth1,708636.00,15462.00,724098.00,15462,708636,470.00,235.00,705.00,235,470,0.00,0.00,0,0
1415339843,s3-eth3,8688.00,404280.00,412968.00,404280,8688,132.00,268.00,400.00,268,132,0.00,0.00,0,0
1415339843,s3-eth2,6774.00,304356.00,311130.00,304356,6774,103.00,202.00,305.00,202,103,0.00,0.00,0,0
1415339843,eth0,0.00,309.69,309.69,310,0,0.00,2.00,2.00,2,0,0.00,0.00,0,0
1415339843,lo,7708.29,7708.29,15416.58,7716,7716,72.93,72.93,145.85,73,73,0.00,0.00,0,0
1415339843,s4-eth1,403876.12,8679.32,412555.47,8688,404280,267.73,131.87,399.60,132,268,0.00,0.00,0,0
1415339843,s4-eth2,8679.32,403876.12,412555.47,404280,8688,131.87,267.73,399.60,268,132,0.00,0.00,0,0
1415339843,s0-eth1,1226795.25,27728.27,1254523.50,27756,1228022,814.19,421.58,1235.76,422,815,0.00,0.00,0,0
1415339843,s0-eth3,25156.84,1145120.88,1170277.75,1146266,25182,382.62,760.24,1142.86,761,383,0.00,0.00,0,0
1415339843,s0-eth2,2637.36,122511.49,125148.85,122634,2640,39.96,80.92,120.88,81,40,0.00,0.00,0,0
1415339843,total,4496030.00,4541780.50,9037810.00,4546322,4500526,4461.54,4494.51,8956.04,4499,4466,0.00,0.00,0,0
1415339844,s1-eth1,1066537.50,36257.74,1102795.25,36294,1067604,705.29,496.50,1201.80,497,706,0.00,0.00,0,0
1415339844,s1-eth3,29136.86,865376.62,894513.50,866242,29166,402.60,572.43,975.03,573,403,0.00,0.00,0,0
1415339844,s1-eth2,7120.88,198135.88,205256.75,198334,7128,93.91,130.87,224.78,131,94,0.00,0.00,0,0
1415339844,s2-eth1,865376.62,29136.86,894513.50,29166,866242,572.43,402.60,975.03,403,573,0.00,0.00,0,0
1415339844,s2-eth3,21866.13,640016.00,661882.12,640656,21888,299.70,423.58,723.28,424,300,0.00,0.00,0,0
1415339844,s2-eth2,7336.66,222335.67,229672.33,222558,7344,103.90,146.85,250.75,147,104,0.00,0.00,0,0
1415339844,s3-eth1,640016.00,21800.20,661816.19,21822,640656,423.58,298.70,722.28,299,424,0.00,0.00,0,0
1415339844,s3-eth3,13528.47,406859.16,420387.62,407266,13542,182.82,268.73,451.55,269,183,0.00,0.00,0,0
1415339844,s3-eth2,8271.73,233156.84,241428.58,233390,8280,115.88,154.85,270.73,155,116,0.00,0.00,0,0
1415339844,eth0,0.00,85.91,85.91,86,0,0.00,1.00,1.00,1,0,0.00,0.00,0,0
1415339844,lo,0.00,0.00,0.00,0,0,0.00,0.00,0.00,0,0,0.00,0.00,0,0
1415339844,s4-eth1,406859.16,13528.47,420387.62,13542,407266,268.73,182.82,451.55,183,269,0.00,0.00,0,0
1415339844,s4-eth2,13528.47,406859.16,420387.62,407266,13542,182.82,268.73,451.55,269,183,0.00,0.00,0,0
1415339844,s0-eth1,1241986.00,41616.38,1283602.38,41658,1243228,821.18,568.43,1389.61,569,822,0.00,0.00,0,0
1415339844,s0-eth3,36257.74,1060487.50,1096745.25,1061548,36294,496.50,701.30,1197.80,702,497,0.00,0.00,0,0
1415339844,s0-eth2,5292.71,154273.73,159566.44,154428,5298,70.93,101.90,172.83,102,71,0.00,0.00,0,0
1415339844,total,4363115.00,4329926.00,8693041.00,4334256,4367478,4740.26,4719.28,9459.54,4724,4745,0.00,0.00,0,0
1415339845,s1-eth1,1102603.38,26407.59,1129011.00,26434,1103706,728.27,390.61,1118.88,391,729,0.00,0.00,0,0
1415339845,s1-eth3,20277.72,907492.56,927770.25,908400,20298,304.70,599.40,904.10,600,305,0.00,0.00,0,0
1415339845,s1-eth2,6129.87,193598.41,199728.28,193792,6136,85.91,127.87,213.79,128,86,0.00,0.00,0,0
1415339845,s2-eth1,907492.56,20277.72,927770.25,20298,908400,599.40,304.70,904.10,305,600,0.00,0.00,0,0
1415339845,s2-eth3,15386.61,689694.31,705080.94,690384,15402,230.77,455.54,686.31,456,231,0.00,0.00,0,0
1415339845,s2-eth2,4813.19,220823.19,225636.38,221044,4818,72.93,145.85,218.78,146,73,0.00,0.00,0,0
1415339845,s3-eth1,689694.31,15386.61,705080.94,15402,690384,455.54,230.77,686.31,231,456,0.00,0.00,0,0
1415339845,s3-eth3,8571.43,403834.19,412405.59,404238,8580,129.87,266.73,396.60,267,130,0.00,0.00,0,0
1415339845,s3-eth2,6803.20,285860.16,292663.34,286146,6810,100.90,188.81,289.71,189,101,0.00,0.00,0,0
1415339845,eth0,0.00,0.00,0.00,0,0,0.00,0.00,0.00,0,0,0.00,0.00,0,0
1415339845,lo,0.00,0.00,0.00,0,0,0.00,0.00,0.00,0,0,0.00,0.00,0,0
1415339845,s4-eth1,403834.19,8571.43,412405.59,8580,404238,266.73,129.87,396.60,130,267,0.00,0.00,0,0
1415339845,s4-eth2,8571.43,403834.19,412405.59,404238,8580,129.87,266.73,396.60,267,130,0.00,0.00,0,0
1415339845,s0-eth1,1234189.88,29554.45,1263744.25,29584,1235424,815.18,437.56,1252.75,438,816,0.00,0.00,0,0
1415339845,s0-eth3,26407.59,1102603.38,1129011.00,1103706,26434,390.61,728.27,1118.88,729,391,0.00,0.00,0,0
1415339845,s0-eth2,3056.94,139148.86,142205.80,139288,3060,45.95,91.91,137.86,92,46,0.00,0.00,0,0
1415339845,total,4437832.50,4447087.00,8884919.00,4451534,4442270,4356.64,4364.64,8721.28,4369,4361,0.00,0.00,0,0
1415339846,s1-eth1,1137390.62,27990.01,1165380.62,28018,1138528,751.25,412.59,1163.84,413,752,0.00,0.00,0,0
1415339846,s1-eth3,22717.28,936229.81,958947.06,937166,22740,337.66,618.38,956.04,619,338,0.00,0.00,0,0
1415339846,s1-eth2,5272.73,199648.36,204921.08,199848,5278,74.93,131.87,206.79,132,75,0.00,0.00,0,0
1415339846,s2-eth1,936229.81,22717.28,958947.06,22740,937166,618.38,337.66,956.04,338,619,0.00,0.00,0,0
1415339846,s2-eth3,17124.88,676081.94,693206.81,676758,17142,252.75,446.55,699.30,447,253,0.00,0.00,0,0
1415339846,s2-eth2,5604.40,260147.86,265752.25,260408,5610,84.92,171.83,256.74,172,85,0.00,0.00,0,0
1415339846,s3-eth1,676081.94,17124.88,693206.81,17142,676758,446.55,252.75,699.30,253,447,0.00,0.00,0,0
1415339846,s3-eth3,9692.31,443158.84,452851.16,443602,9702,146.85,292.71,439.56,293,147,0.00,0.00,0,0
1415339846,s3-eth2,7510.49,232923.08,240433.58,233156,7518,106.89,153.85,260.74,154,107,0.00,0.00,0,0
1415339846,eth0,0.00,0.00,0.00,0,0,0.00,0.00,0.00,0,0,0.00,0.00,0,0
1415339846,lo,0.00,0.00,0.00,0,0,0.00,0.00,0.00,0,0,0.00,0.00,0,0
1415339846,s4-eth1,443158.84,9692.31,452851.16,9702,443602,292.71,146.85,439.56,147,293,0.00,0.00,0,0
1415339846,s4-eth2,9626.37,443158.84,452785.22,443602,9636,145.85,292.71,438.56,293,146,0.00,0.00,0,0
1415339846,s0-eth1,1250827.25,32251.75,1283079.00,32284,1252078,826.17,473.53,1299.70,474,827,0.00,0.00,0,0
1415339846,s0-eth3,27990.01,1137390.62,1165380.62,1138528,28018,412.59,751.25,1163.84,752,413,0.00,0.00,0,0
1415339846,s0-eth2,4417.58,130073.93,134491.52,130204,4422,62.94,85.91,148.85,86,63,0.00,0.00,0,0
1415339846,total,4553644.50,4568589.50,9122234.00,4573158,4558198,4560.44,4568.43,9128.87,4573,4565,0.00,0.00,0,0
1415339847,s1-eth1,1110165.88,25828.17,1135994.00,25854,1111276,733.27,386.61,1119.88,387,734,0.00,0.00,0,0
1415339847,s1-eth3,21872.13,928667.38,950539.50,929596,21894,326.67,613.39,940.06,614,327,0.00,0.00,0,0
1415339847,s1-eth2,4021.98,184523.48,188545.45,184708,4026,60.94,121.88,182.82,122,61,0.00,0.00,0,0
1415339847,s2-eth1,928667.38,21872.13,950539.50,21894,929596,613.39,326.67,940.06,327,614,0.00,0.00,0,0
1415339847,s2-eth3,16795.21,692719.31,709514.50,693412,16812,249.75,457.54,707.29,458,250,0.00,0.00,0,0
1415339847,s2-eth2,5142.86,232923.08,238065.94,233156,5148,77.92,153.85,231.77,154,78,0.00,0.00,0,0
1415339847,s3-eth1,692719.31,16795.21,709514.50,16812,693412,457.54,249.75,707.29,250,458,0.00,0.00,0,0
1415339847,s3-eth3,10219.78,461308.72,471528.47,461770,10230,154.85,304.70,459.54,305,155,0.00,0.00,0,0
1415339847,s3-eth2,6509.49,234435.58,240945.06,234670,6516,93.91,154.85,248.75,155,94,0.00,0.00,0,0
1415339847,eth0,0.00,0.00,0.00,0,0,0.00,0.00,0.00,0,0,0.00,0.00,0,0
1415339847,lo,859.14,859.14,1718.28,860,860,14.99,14.99,29.97,15,15,0.00,0.00,0,0
1415339847,s4-eth1,461308.72,10219.78,471528.47,10230,461770,304.70,154.85,459.54,155,305,0.00,0.00,0,0
1415339847,s4-eth2,10285.71,461308.72,471594.41,461770,10296,155.84,304.70,460.54,305,156,0.00,0.00,0,0
1415339847,s0-eth1,1250827.25,29400.60,1280227.75,29430,1252078,826.17,438.56,1264.74,439,827,0.00,0.00,0,0
1415339847,s0-eth3,25828.17,1110165.88,1135994.00,1111276,25854,386.61,733.27,1119.88,734,387,0.00,0.00,0,0
1415339847,s0-eth2,3494.51,133098.91,136593.41,133232,3498,50.95,87.91,138.86,88,51,0.00,0.00,0,0
1415339847,total,4548717.50,4544126.00,9092843.00,4548670,4553266,4507.49,4503.50,9010.99,4508,4512,0.00,0.00,0,0
1415339848,s1-eth1,1138903.12,26103.90,1165007.00,26130,1140042,752.25,392.61,1144.86,393,753,0.00,0.00,0,0
1415339848,s1-eth3,21950.05,951354.69,973304.75,952306,21972,329.67,628.37,958.04,629,330,0.00,0.00,0,0
1415339848,s1-eth2,4087.91,187548.45,191636.38,187736,4092,61.94,123.88,185.81,124,62,0.00,0.00,0,0
1415339848,s2-eth1,951354.69,21950.05,973304.75,21972,952306,628.37,329.67,958.04,330,629,0.00,0.00,0,0
1415339848,s2-eth3,16411.59,695744.25,712155.88,696440,16428,245.75,459.54,705.29,460,246,0.00,0.00,0,0
1415339848,s2-eth2,5538.46,255610.39,261148.86,255866,5544,83.92,168.83,252.75,169,84,0.00,0.00,0,0
1415339848,s3-eth1,695744.25,16411.59,712155.88,16428,696440,459.54,245.75,705.29,246,460,0.00,0.00,0,0
1415339848,s3-eth3,10945.06,496095.91,507040.97,496592,10956,165.83,327.67,493.51,328,166,0.00,0.00,0,0
1415339848,s3-eth2,5532.47,199648.36,205180.83,199848,5538,80.92,131.87,212.79,132,81,0.00,0.00,0,0
1415339848,eth0,0.00,0.00,0.00,0,0,0.00,0.00,0.00,0,0,0.00,0.00,0,0
1415339848,lo,0.00,0.00,0.00,0,0,0.00,0.00,0.00,0,0,0.00,0.00,0,0
1415339848,s4-eth1,496095.91,10945.06,507040.97,10956,496592,327.67,165.83,493.51,166,328,0.00,0.00,0,0
1415339848,s4-eth2,10879.12,496095.91,506975.03,496592,10890,164.84,327.67,492.51,328,165,0.00,0.00,0,0
1415339848,s0-eth1,1249314.75,29664.34,1278979.00,29694,1250564,825.17,444.56,1269.73,445,826,0.00,0.00,0,0
1415339848,s0-eth3,26103.90,1138903.12,1165007.00,1140042,26130,392.61,752.25,1144.86,753,393,0.00,0.00,0,0
1415339848,s0-eth2,3638.36,122511.49,126149.85,122634,3642,52.95,80.92,133.87,81,53,0.00,0.00,0,0
1415339848,total,4636499.50,4648587.50,9285087.00,4653236,4641136,4571.43,4579.42,9150.85,4584,4576,0.00,0.00,0,0
1415339849,s1-eth1,1059950.38,25928.50,1085878.88,26110,1067370,700.10,382.32,1082.42,385,705,0.00,0.00,0,0
1415339849,s1-eth3,22061.57,878029.81,900091.38,884176,22216,323.73,579.94,903.67,584,326,0.00,0.00,0,0
1415339849,s1-eth2,3932.47,181920.56,185853.03,183194,3960,59.58,120.16,179.74,121,60,0.00,0.00,0,0
1415339849,s2-eth1,878029.81,22061.57,900091.38,22216,884176,579.94,323.73,903.67,326,584,0.00,0.00,0,0
1415339849,s2-eth3,15358.49,658522.38,673880.81,663132,15466,227.41,434.96,662.36,438,229,0.00,0.00,0,0
1415339849,s2-eth2,6637.54,219507.45,226144.98,221044,6684,95.33,144.99,240.32,146,96,0.00,0.00,0,0
1415339849,s3-eth1,658522.38,15358.49,673880.81,15466,663132,434.96,227.41,662.36,229,438,0.00,0.00,0,0
1415339849,s3-eth3,9372.39,431497.53,440869.91,434518,9438,142.01,285.00,427.01,287,143,0.00,0.00,0,0
1415339849,s3-eth2,5920.56,224017.88,229938.44,225586,5962,84.41,147.96,232.37,149,85,0.00,0.00,0,0
1415339849,eth0,0.00,0.00,0.00,0,0,0.00,0.00,0.00,0,0,0.00,0.00,0,0
1415339849,lo,0.00,0.00,0.00,0,0,0.00,0.00,0.00,0,0,0.00,0.00,0,0
1415339849,s4-eth1,431497.53,9372.39,440869.91,9438,434518,285.00,142.01,427.01,143,287,0.00,0.00,0,0
1415339849,s4-eth2,9437.93,431497.53,440935.47,434518,9504,143.00,285.00,428.00,287,144,0.00,0.00,0,0
1415339849,s0-eth1,1226836.12,29277.06,1256113.25,29482,1235424,810.33,431.98,1242.30,435,816,0.00,0.00,0,0
1415339849,s0-eth3,25928.50,1059950.38,1085878.88,1067370,26110,382.32,700.10,1082.42,705,385,0.00,0.00,0,0
1415339849,s0-eth2,3348.56,139823.23,143171.80,140802,3372,49.65,92.35,142.01,93,50,0.00,0.00,0,0
1415339849,total,4356834.00,4326764.50,8683599.00,4357052,4387332,4317.78,4297.91,8615.69,4328,4348,0.00,0.00,0,0
1415339850,s1-eth1,1163102.88,28557.44,1191660.38,28586,1164266,768.23,418.58,1186.81,419,769,0.00,0.00,0,0
1415339850,s1-eth3,23348.65,927154.88,950503.50,928082,23372,339.66,612.39,952.05,613,340,0.00,0.00,0,0
1415339850,s1-eth2,5142.86,235948.06,241090.92,236184,5148,77.92,155.84,233.77,156,78,0.00,0.00,0,0
1415339850,s2-eth1,927154.88,23348.65,950503.50,23372,928082,612.39,339.66,952.05,340,613,0.00,0.00,0,0
1415339850,s2-eth3,18079.92,721456.56,739536.50,722178,18098,262.74,476.52,739.26,477,263,0.00,0.00,0,0
1415339850,s2-eth2,5268.73,205698.31,210967.03,205904,5274,76.92,135.86,212.79,136,77,0.00,0.00,0,0
1415339850,s3-eth1,721456.56,18079.92,739536.50,18098,722178,476.52,262.74,739.26,263,477,0.00,0.00,0,0
1415339850,s3-eth3,11340.66,526345.69,537686.31,526872,11352,171.83,347.65,519.48,348,172,0.00,0.00,0,0
1415339850,s3-eth2,6805.19,195110.89,201916.09,195306,6812,91.91,128.87,220.78,129,92,0.00,0.00,0,0
1415339850,eth0,0.00,0.00,0.00,0,0,0.00,0.00,0.00,0,0,0.00,0.00,0,0
1415339850,lo,0.00,0.00,0.00,0,0,0.00,0.00,0.00,0,0,0.00,0.00,0,0
1415339850,s4-eth1,526345.69,11340.66,537686.31,11352,526872,347.65,171.83,519.48,172,348,0.00,0.00,0,0
1415339850,s4-eth2,11340.66,526345.69,537686.31,526872,11352,171.83,347.65,519.48,348,172,0.00,0.00,0,0
1415339850,s0-eth1,1247802.25,32927.07,1280729.25,32960,1249050,824.18,481.52,1305.69,482,825,0.00,0.00,0,0
1415339850,s0-eth3,28557.44,1163102.88,1191660.38,1164266,28586,418.58,768.23,1186.81,769,419,0.00,0.00,0,0
1415339850,s0-eth2,4237.76,127048.95,131286.72,127176,4242,60.94,83.92,144.86,84,61,0.00,0.00,0,0
1415339850,total,4699984.00,4742465.50,9442450.00,4747208,4704684,4701.30,4731.27,9432.57,4736,4706,0.00,0.00,0,0
1415339851,s1-eth1,966213.81,32299.70,998513.50,32332,967180,641.36,459.54,1100.90,460,642,0.00,0.00,0,0
1415339851,s1-eth3,25172.83,757490.50,782663.38,758248,25198,358.64,503.50,862.14,504,359,0.00,0.00,0,0
1415339851,s1-eth2,7060.94,207210.80,214271.73,207418,7068,99.90,136.86,236.76,137,100,0.00,0.00,0,0
1415339851,s2-eth1,757490.50,25172.83,782663.38,25198,758248,503.50,358.64,862.14,359,504,0.00,0.00,0,0
1415339851,s2-eth3,16169.83,497342.66,513512.50,497840,16186,234.77,331.67,566.43,332,235,0.00,0.00,0,0
1415339851,s2-eth2,9003.00,264685.31,273688.31,264950,9012,123.88,174.83,298.70,175,124,0.00,0.00,0,0
1415339851,s3-eth1,497342.66,16169.83,513512.50,16186,497840,331.67,234.77,566.43,235,332,0.00,0.00,0,0
1415339851,s3-eth3,8901.10,275007.00,283908.09,275282,8910,134.87,184.82,319.68,185,135,0.00,0.00,0,0
1415339851,s3-eth2,7268.73,222335.67,229604.41,222558,7276,99.90,146.85,246.75,147,100,0.00,0.00,0,0
1415339851,eth0,0.00,415.58,415.58,416,0,0.00,2.00,2.00,2,0,0.00,0.00,0,0
1415339851,lo,0.00,0.00,0.00,0,0,0.00,0.00,0.00,0,0,0.00,0.00,0,0
1415339851,s4-eth1,275007.00,8901.10,283908.09,8910,275282,184.82,134.87,319.68,135,185,0.00,0.00,0,0
1415339851,s4-eth2,8901.10,275007.00,283908.09,275282,8910,134.87,184.82,319.68,185,135,0.00,0.00,0,0
1415339851,s0-eth1,1250561.50,37268.73,1287830.25,37306,1251812,829.17,528.47,1357.64,529,830,0.00,0.00,0,0
1415339851,s0-eth3,32299.70,966213.81,998513.50,967180,32332,459.54,641.36,1100.90,642,460,0.00,0.00,0,0
1415339851,s0-eth2,5034.97,136123.88,141158.84,136260,5040,69.93,89.91,159.84,90,70,0.00,0.00,0,0
1415339851,total,3866427.75,3721644.50,7588072.00,3725366,3870294,4206.79,4112.89,8319.68,4117,4211,0.00,0.00,0,0
1415339852,s1-eth1,325678.97,9804.59,335483.56,9834,326656,219.34,148.55,367.90,149,220,0.00,0.00,0,0
1415339852,s1-eth3,7435.69,258683.95,266119.66,259460,7458,112.66,173.48,286.14,174,113,0.00,0.00,0,0
1415339852,s1-eth2,2500.50,65485.54,67986.04,65682,2508,37.89,44.87,82.75,45,38,0.00,0.00,0,0
1415339852,s2-eth1,258683.95,7435.69,266119.66,7458,259460,173.48,112.66,286.14,113,174,0.00,0.00,0,0
1415339852,s2-eth3,3808.96,133090.55,136899.50,133756,3828,57.71,89.55,147.26,90,58,0.00,0.00,0,0
1415339852,s2-eth2,3677.61,120559.20,124236.81,121162,3696,55.72,80.60,136.32,81,56,0.00,0.00,0,0
1415339852,s3-eth1,133090.55,3808.96,136899.50,3828,133756,89.55,57.71,147.26,58,90,0.00,0.00,0,0
1415339852,s3-eth3,0.00,0.00,0.00,0,0,0.00,0.00,0.00,0,0,0.00,0.00,0,0
1415339852,s3-eth2,3808.96,133090.55,136899.50,133756,3828,57.71,89.55,147.26,90,58,0.00,0.00,0,0
1415339852,eth0,809.95,459.70,1269.65,462,814,6.97,6.97,13.93,7,7,0.00,0.00,0,0
1415339852,lo,1010.95,1010.95,2021.89,1016,1016,17.91,17.91,35.82,18,18,0.00,0.00,0,0
1415339852,s4-eth1,0.00,0.00,0.00,0,0,0.00,0.00,0.00,0,0,0.00,0.00,0,0
1415339852,s4-eth2,0.00,0.00,0.00,0,0,0.00,0.00,0.00,0,0,0.00,0.00,0,0
1415339852,s0-eth3,9785.07,325030.84,334815.91,326656,9834,148.26,218.91,367.16,220,149,0.00,0.00,0,0
1415339852,total,18354968937650716672.00,18354968937650716672.00,18354968937650716672.00,18446744073705364733,18446744073672019339,18354968937650690048.00,18354968937650700288.00,18354968937650673664.00,18446744073709535386,18446744073709525583,0.00,0.00,0,0
1415339853,s3-eth3,0.00,0.00,0.00,0,0,0.00,0.00,0.00,0,0,0.00,0.00,0,0
1415339853,s3-eth2,0.00,0.00,0.00,0,0,0.00,0.00,0.00,0,0,0.00,0.00,0,0
1415339853,eth0,905.66,524.33,1429.99,528,912,7.94,7.94,15.89,8,8,0.00,0.00,0,0
1415339853,lo,758.69,758.69,1517.38,764,764,10.92,10.92,21.85,11,11,0.00,0.00,0,0
1415339853,s4-eth1,0.00,0.00,0.00,0,0,0.00,0.00,0.00,0,0,0.00,0.00,0,0
1415339853,s4-eth2,0.00,0.00,0.00,0,0,0.00,0.00,0.00,0,0,0.00,0.00,0,0
1415339853,total,18336723641699401728.00,18336723641699401728.00,18336723641699401728.00,18446744073610382641,18446744073624585209,18336723641699311616.00,18336723641699307520.00,18336723641699217408.00,18446744073709456563,18446744073709460655,0.00,0.00,0,0
1415339854,eth0,586.00,330.00,916.00,330,586,5.00,5.00,10.00,5,5,0.00,0.00,0,0
1415339854,lo,647.35,647.35,1294.71,648,648,9.99,9.99,19.98,10,10,0.00,0.00,0,0
1415339854,total,18428316258828025856.00,18428316258828025856.00,18428316258828025856.00,18446744073677651065,18446744073697217253,18428316258828007424.00,18428316258828001280.00,18428316258827980800.00,18446744073709526428,18446744073709532360,0.00,0.00,0,0
1415339855,eth0,0.00,0.00,0.00,0,0,0.00,0.00,0.00,0,0,0.00,0.00,0,0
1415339855,lo,0.00,0.00,0.00,0,0,0.00,0.00,0.00,0,0,0.00,0.00,0,0
1415339855,total,0.00,0.00,0.00,0,0,0.00,0.00,0.00,0,0,0.00,0.00,0,0
1415339856,eth0,113.89,65.93,179.82,66,114,1.00,1.00,2.00,1,1,0.00,0.00,0,0
1415339856,lo,0.00,0.00,0.00,0,0,0.00,0.00,0.00,0,0,0.00,0.00,0,0
1415339856,total,113.89,65.93,179.82,66,114,1.00,1.00,2.00,1,1,0.00,0.00,0,0
1415339857,eth0,113.89,65.93,179.82,66,114,1.00,1.00,2.00,1,1,0.00,0.00,0,0
1415339857,lo,0.00,0.00,0.00,0,0,0.00,0.00,0.00,0,0,0.00,0.00,0,0
1415339857,total,113.89,65.93,179.82,66,114,1.00,1.00,2.00,1,1,0.00,0.00,0,0
1415339858,eth0,114.00,66.00,180.00,66,114,1.00,1.00,2.00,1,1,0.00,0.00,0,0
1415339858,lo,0.00,0.00,0.00,0,0,0.00,0.00,0.00,0,0,0