1415339669,s1-eth1,0.00,0.00,0.00,0,0,0.00,0.00,0.00,0,0,0.00,0.00,0,0
1415339669,s1-eth2,0.00,0.00,0.00,0,0,0.00,0.00,0.00,0,0,0.00,0.00,0,0
1415339669,eth0,0.00,0.00,0.00,0,0,0.00,0.00,0.00,0,0,0.00,0.00,0,0
1415339669,lo,0.00,0.00,0.00,0,0,0.00,0.00,0.00,0,0,0.00,0.00,0,0
1415339669,s0-eth1,0.00,0.00,0.00,0,0,0.00,0.00,0.00,0,0,0.00,0.00,0,0
1415339669,s0-eth3,0.00,0.00,0.00,0,0,0.00,0.00,0.00,0,0,0.00,0.00,0,0
1415339669,s0-eth2,0.00,0.00,0.00,0,0,0.00,0.00,0.00,0,0,0.00,0.00,0,0
1415339669,total,0.00,0.00,0.00,0,0,0.00,0.00,0.00,0,0,0.00,0.00,0,0
1415339670,s1-eth1,677960.06,14769.23,692729.31,14784,678638,450.55,223.78,674.33,224,451,0.00,0.00,0,0
1415339670,s1-eth2,14967.03,679472.56,694439.56,680152,14982,226.77,451.55,678.32,452,227,0.00,0.00,0,0
1415339670,eth0,0.00,0.00,0.00,0,0,0.00,0.00,0.00,0,0,0.00,0.00,0,0
1415339670,lo,0.00,0.00,0.00,0,0,0.00,0.00,0.00,0,0,0.00,0.00,0,0
1415339670,s0-eth1,1249298.75,28021.98,1277320.75,28050,1250548,831.17,424.58,1255.74,425,832,0.00,0.00,0,0
1415339670,s0-eth3,14769.23,677960.06,692729.31,678638,14784,223.78,450.55,674.33,451,224,0.00,0.00,0,0
1415339670,s0-eth2,13318.68,612923.06,626241.75,613536,13332,201.80,407.59,609.39,408,202,0.00,0.00,0,0
1415339670,total,1970313.75,2013146.88,3983460.75,2015160,1972284,1934.07,1958.04,3892.11,1960,1936,0.00,0.00,0,0
1415339671,s1-eth1,668806.00,14916.00,683722.00,14916,668806,445.00,226.00,671.00,226,445,0.00,0.00,0,0
1415339671,s1-eth2,14916.00,667292.00,682208.00,667292,14916,226.00,444.00,670.00,444,226,0.00,0.00,0,0
1415339671,eth0,0.00,416.00,416.00,416,0,0.00,2.00,2.00,2,0,0.00,0.00,0,0
1415339671,lo,536.00,536.00,1072.00,536,536,6.00,6.00,12.00,6,6,0.00,0.00,0,0
1415339671,s0-eth1,1251244.00,28050.00,1279294.00,28050,1251244,832.00,425.00,1257.00,425,832,0.00,0.00,0,0
1415339671,s0-eth3,14916.00,668806.00,683722.00,668806,14916,226.00,445.00,671.00,445,226,0.00,0.00,0,0
1415339671,s0-eth2,13204.00,605844.00,619048.00,605844,13204,200.00,402.00,602.00,402,200,0.00,0.00,0,0
1415339671,total,1963622.00,1985860.00,3949482.00,1985860,1963622,1935.00,1950.00,3885.00,1950,1935,0.00,0.00,0,0
1415339672,s1-eth1,671854.00,14944.00,686798.00,14944,671854,447.00,226.00,673.00,226,447,0.00,0.00,0,0
1415339672,s1-eth2,14944.00,674882.00,689826.00,674882,14944,226.00,449.00,675.00,449,226,0.00,0.00,0,0
1415339672,eth0,0.00,0.00,0.00,0,0,0.00,0.00,0.00,0,0,0.00,0.00,0,0
1415339672,lo,1688.00,1688.00,3376.00,1688,1688,18.00,18.00,36.00,18,18,0.00,0.00,0,0
1415339672,s0-eth1,1251984.00,28120.00,1280104.00,28120,1251984,832.00,426.00,1258.00,426,832,0.00,0.00,0,0
1415339672,s0-eth3,14944.00,671854.00,686798.00,671854,14944,226.00,447.00,673.00,447,226,0.00,0.00,0,0
1415339672,s0-eth2,13426.00,592242.00,605668.00,592242,13426,203.00,393.00,596.00,393,203,0.00,0.00,0,0
1415339672,total,1968840.00,1983730.00,3952570.00,1983730,1968840,1952.00,1959.00,3911.00,1959,1952,0.00,0.00,0,0
1415339673,s1-eth1,661208.00,14632.00,675840.00,14632,661208,440.00,222.00,662.00,222,440,0.00,0.00,0,0
1415339673,s1-eth2,14632.00,658180.00,672812.00,658180,14632,222.00,438.00,660.00,438,222,0.00,0.00,0,0
1415339673,eth0,0.00,0.00,0.00,0,0,0.00,0.00,0.00,0,0,0.00,0.00,0,0
1415339673,lo,1718.28,1718.28,3436.56,1720,1720,17.98,17.98,35.96,18,18,0.00,0.00,0,0
1415339673,s0-eth1,1249736.25,27560.44,1277296.75,27588,1250986,828.17,417.58,1245.75,418,829,0.00,0.00,0,0
1415339673,s0-eth3,14617.38,660547.50,675164.88,661208,14632,221.78,439.56,661.34,440,222,0.00,0.00,0,0
1415339673,s0-eth2,13162.84,601564.44,614727.31,602166,13176,199.80,400.60,600.40,401,200,0.00,0.00,0,0
1415339673,total,1954399.62,1963530.50,3917930.25,1965494,1956354,1929.07,1935.06,3864.14,1937,1931,0.00,0.00,0,0
1415339674,s1-eth1,661166.00,14652.00,675818.00,14652,661166,439.00,222.00,661.00,222,439,0.00,0.00,0,0
1415339674,s1-eth2,14652.00,661166.00,675818.00,661166,14652,222.00,439.00,661.00,439,222,0.00,0.00,0,0
1415339674,eth0,0.00,0.00,0.00,0,0,0.00,0.00,0.00,0,0,0.00,0.00,0,0
1415339674,lo,0.00,0.00,0.00,0,0,0.00,0.00,0.00,0,0,0.00,0.00,0,0
1415339674,s0-eth1,1251244.00,28182.00,1279426.00,28182,1251244,832.00,427.00,1259.00,427,832,0.00,0.00,0,0
1415339674,s0-eth3,14652.00,661166.00,675818.00,661166,14652,222.00,439.00,661.00,439,222,0.00,0.00,0,0
1415339674,s0-eth2,13464.00,619470.00,632934.00,619470,13464,204.00,411.00,615.00,411,204,0.00,0.00,0,0
1415339674,total,1955178.00,1984636.00,3939814.00,1984636,1955178,1919.00,1938.00,3857.00,1938,1919,0.00,0.00,0,0
1415339675,s1-eth1,650516.00,14256.00,664772.00,14256,650516,432.00,216.00,648.00,216,432,0.00,0.00,0,0
1415339675,s1-eth2,14256.00,650516.00,664772.00,650516,14256,216.00,432.00,648.00,432,216,0.00,0.00,0,0
1415339675,eth0,0.00,0.00,0.00,0,0,0.00,0.00,0.00,0,0,0.00,0.00,0,0
1415339675,lo,536.00,536.00,1072.00,536,536,6.00,6.00,12.00,6,6,0.00,0.00,0,0
1415339675,s0-eth1,1251122.00,28842.00,1279964.00,28842,1251122,831.00,437.00,1268.00,437,831,0.00,0.00,0,0
1415339675,s0-eth3,14256.00,650516.00,664772.00,650516,14256,216.00,432.00,648.00,432,216,0.00,0.00,0,0
1415339675,s0-eth2,14656.00,655110.00,669766.00,655110,14656,222.00,435.00,657.00,435,222,0.00,0.00,0,0
1415339675,total,1945342.00,1999776.00,3945118.00,1999776,1945342,1923.00,1958.00,3881.00,1958,1923,0.00,0.00,0,0
1415339676,s1-eth1,663376.00,16310.00,679686.00,16310,663376,440.00,235.00,675.00,235,440,0.00,0.00,0,0
1415339676,s1-eth2,16216.00,663376.00,679592.00,663376,16216,234.00,440.00,674.00,440,234,0.00,0.00,0,0
1415339676,eth0,60.00,78.00,138.00,78,60,1.00,1.00,2.00,1,1,0.00,0.00,0,0
1415339676,lo,536.00,536.00,1072.00,536,536,6.00,6.00,12.00,6,6,0.00,0.00,0,0
1415339676,s0-eth1,1250356.00,32204.00,1282560.00,32204,1250356,830.00,466.00,1296.00,466,830,0.00,0.00,0,0
1415339676,s0-eth3,16310.00,663376.00,679686.00,663376,16310,235.00,440.00,675.00,440,235,0.00,0.00,0,0
1415339676,s0-eth2,15936.00,675488.00,691424.00,675488,15936,232.00,448.00,680.00,448,232,0.00,0.00,0,0
1415339676,total,1962790.00,2051368.00,4014158.00,2051368,1962790,1978.00,2036.00,4014.00,2036,1978,0.00,0.00,0,0
1415339677,s1-eth1,638268.00,19062.00,657330.00,19062,638268,422.00,255.00,677.00,255,422,0.00,0.00,0,0
1415339677,s1-eth2,19156.00,638268.00,657424.00,638268,19156,256.00,422.00,678.00,422,256,0.00,0.00,0,0
1415339677,eth0,0.00,0.00,0.00,0,0,0.00,0.00,0.00,0,0,0.00,0.00,0,0
1415339677,lo,0.00,0.00,0.00,0,0,0.00,0.00,0.00,0,0,0.00,0.00,0,0
1415339677,s0-eth1,1251560.00,40754.00,1292314.00,40754,1251560,828.00,541.00,1369.00,541,828,0.00,0.00,0,0
1415339677,s0-eth3,19062.00,638268.00,657330.00,638268,19062,255.00,422.00,677.00,422,255,0.00,0.00,0,0
1415339677,s0-eth2,21720.00,626918.00,648638.00,626918,21720,286.00,415.00,701.00,415,286,0.00,0.00,0,0
1415339677,total,1949766.00,1963270.00,3913036.00,1963270,1949766,2047.00,2055.00,4102.00,2055,2047,0.00,0.00,0,0
1415339678,s1-eth1,645198.00,22594.00,667792.00,22594,645198,427.00,301.00,728.00,301,427,0.00,0.00,0,0
1415339678,s1-eth2,22594.00,648226.00,670820.00,648226,22594,301.00,429.00,730.00,429,301,0.00,0.00,0,0
1415339678,eth0,0.00,0.00,0.00,0,0,0.00,0.00,0.00,0,0,0.00,0.00,0,0
1415339678,lo,0.00,0.00,0.00,0,0,0.00,0.00,0.00,0,0,0.00,0.00,0,0
1415339678,s0-eth1,1250976.00,40916.00,1291892.00,40916,1250976,828.00,546.00,1374.00,546,828,0.00,0.00,0,0
1415339678,s0-eth3,22594.00,645198.00,667792.00,645198,22594,301.00,427.00,728.00,427,301,0.00,0.00,0,0
1415339678,s0-eth2,18322.00,525536.00,543858.00,525536,18322,245.00,348.00,593.00,348,245,0.00,0.00,0,0
1415339678,total,1959684.00,1882470.00,3842154.00,1882470,1959684,2102.00,2051.00,4153.00,2051,2102,0.00,0.00,0,0
1415339679,s1-eth1,752458.00,16170.00,768628.00,16170,752458,497.00,245.00,742.00,245,497,0.00,0.00,0,0
1415339679,s1-eth2,16170.00,752458.00,768628.00,752458,16170,245.00,497.00,742.00,497,245,0.00,0.00,0,0
1415339679,eth0,0.00,0.00,0.00,0,0,0.00,0.00,0.00,0,0,0.00,0.00,0,0
1415339679,lo,0.00,0.00,0.00,0,0,0.00,0.00,0.00,0,0,0.00,0.00,0,0
1415339679,s0-eth1,1250564.00,27258.00,1277822.00,27258,1250564,826.00,413.00,1239.00,413,826,0.00,0.00,0,0
1415339679,s0-eth3,16170.00,752458.00,768628.00,752458,16170,245.00,497.00,742.00,497,245,0.00,0.00,0,0
1415339679,s0-eth2,11154.00,516274.00,527428.00,516274,11154,169.00,341.00,510.00,341,169,0.00,0.00,0,0
1415339679,total,2046516.00,2064618.00,4111134.00,2064618,2046516,1982.00,1993.00,3975.00,1993,1982,0.00,0.00,0,0
1415339680,s1-eth1,743374.00,16170.00,759544.00,16170,743374,491.00,245.00,736.00,245,491,0.00,0.00,0,0
1415339680,s1-eth2,16104.00,740346.00,756450.00,740346,16104,244.00,489.00,733.00,489,244,0.00,0.00,0,0
1415339680,eth0,0.00,0.00,0.00,0,0,0.00,0.00,0.00,0,0,0.00,0.00,0,0
1415339680,lo,344.00,344.00,688.00,344,344,6.00,6.00,12.00,6,6,0.00,0.00,0,0
1415339680,s0-eth1,1252078.00,27324.00,1279402.00,27324,1252078,827.00,414.00,1241.00,414,827,0.00,0.00,0,0
1415339680,s0-eth3,16170.00,743374.00,759544.00,743374,16170,245.00,491.00,736.00,491,245,0.00,0.00,0,0
1415339680,s0-eth2,11154.00,516274.00,527428.00,516274,11154,169.00,341.00,510.00,341,169,0.00,0.00,0,0
1415339680,total,2039224.00,2043832.00,4083056.00,2043832,2039224,1982.00,1986.00,3968.00,1986,1982,0.00,0.00,0,0
1415339681,s1-eth1,741860.00,16104.00,757964.00,16104,741860,490.00,244.00,734.00,244,490,0.00,0.00,0,0
1415339681,s1-eth2,16170.00,741860.00,758030.00,741860,16170,245.00,490.00,735.00,490,245,0.00,0.00,0,0
1415339681,eth0,0.00,0.00,0.00,0,0,0.00,0.00,0.00,0,0,0.00,0.00,0,0
1415339681,lo,0.00,0.00,0.00,0,0,0.00,0.00,0.00,0,0,0.00,0.00,0,0
1415339681,s0-eth1,1250564.00,27258.00,1277822.00,27258,1250564,826.00,413.00,1239.00,413,826,0.00,0.00,0,0
1415339681,s0-eth3,16104.00,741860.00,757964.00,741860,16104,244.00,490.00,734.00,490,244,0.00,0.00,0,0
1415339681,s0-eth2,11088.00,508704.00,519792.00,508704,11088,168.00,336.00,504.00,336,168,0.00,0.00,0,0
1415339681,total,2035786.00,2035786.00,4071572.00,2035786,2035786,1973.00,1973.00,3946.00,1973,1973,0.00,0.00,0,0
1415339682,s1-eth1,735804.00,16104.00,751908.00,16104,735804,486.00,244.00,730.00,244,486,0.00,0.00,0,0
1415339682,s1-eth2,16038.00,738832.00,754870.00,738832,16038,243.00,488.00,731.00,488,243,0.00,0.00,0,0
1415339682,eth0,0.00,0.00,0.00,0,0,0.00,0.00,0.00,0,0,0.00,0.00,0,0
1415339682,lo,0.00,0.00,0.00,0,0,0.00,0.00,0.00,0,0,0.00,0.00,0,0
1415339682,s0-eth1,1250564.00,27192.00,1277756.00,27192,1250564,826.00,412.00,1238.00,412,826,0.00,0.00,0,0
1415339682,s0-eth3,16104.00,735804.00,751908.00,735804,16104,244.00,486.00,730.00,486,244,0.00,0.00,0,0
1415339682,s0-eth2,11154.00,513246.00,524400.00,513246,11154,169.00,339.00,508.00,339,169,0.00,0.00,0,0
1415339682,total,2029664.00,2031178.00,4060842.00,2031178,2029664,1968.00,1969.00,3937.00,1969,1968,0.00,0.00,0,0
1415339683,s1-eth1,743374.00,16038.00,759412.00,16038,743374,491.00,243.00,734.00,243,491,0.00,0.00,0,0
1415339683,s1-eth2,16104.00,740346.00,756450.00,740346,16104,244.00,489.00,733.00,489,244,0.00,0.00,0,0
1415339683,eth0,0.00,0.00,0.00,0,0,0.00,0.00,0.00,0,0,0.00,0.00,0,0
1415339683,lo,0.00,0.00,0.00,0,0,0.00,0.00,0.00,0,0,0.00,0.00,0,0
1415339683,s0-eth1,1250564.00,27324.00,1277888.00,27324,1250564,826.00,414.00,1240.00,414,826,0.00,0.00,0,0
1415339683,s0-eth3,16038.00,743374.00,759412.00,743374,16038,243.00,491.00,734.00,491,243,0.00,0.00,0,0
1415339683,s0-eth2,11220.00,522330.00,533550.00,522330,11220,170.00,345.00,515.00,345,170,0.00,0.00,0,0
1415339683,total,2037300.00,2049412.00,4086712.00,2049412,2037300,1974.00,1982.00,3956.00,1982,1974,0.00,0.00,0,0
1415339684,s1-eth1,726315.69,15626.37,741942.06,15642,727042,480.52,236.76,717.28,237,481,0.00,0.00,0,0
1415339684,s1-eth2,15544.91,725590.81,741135.75,727042,15576,235.53,480.04,715.57,481,236,0.00,0.00,0,0
1415339684,eth0,0.00,0.00,0.00,0,0,0.00,0.00,0.00,0,0,0.00,0.00,0,0
1415339684,lo,0.00,0.00,0.00,0,0,0.00,0.00,0.00,0,0,0.00,0.00,0,0
1415339684,s0-eth1,1249578.88,27203.59,1276782.50,27258,1252078,825.35,412.18,1237.52,413,827,0.00,0.00,0,0
1415339684,s0-eth3,15610.78,725590.81,741201.62,727042,15642,236.53,480.04,716.57,481,237,0.00,0.00,0,0
1415339684,s0-eth2,11658.68,549996.00,561654.69,551096,11682,176.65,363.27,539.92,364,177,0.00,0.00,0,0
1415339684,total,2017984.12,2043992.12,4061976.25,2048080,2022020,1954.09,1972.06,3926.15,1976,1958,0.00,0.00,0,0
1415339685,s1-eth1,667007.00,14637.36,681644.38,14652,667674,440.56,221.78,662.34,222,441,0.00,0.00,0,0
1415339685,s1-eth2,14703.30,667007.00,681710.31,667674,14718,222.78,440.56,663.34,441,223,0.00,0.00,0,0
1415339685,eth0,0.00,0.00,0.00,0,0,0.00,0.00,0.00,0,0,0.00,0.00,0,0
1415339685,lo,343.66,343.66,687.31,344,344,5.99,5.99,11.99,6,6,0.00,0.00,0,0
1415339685,s0-eth1,1251148.88,27362.64,1278511.50,27390,1252400,827.17,414.59,1241.76,415,828,0.00,0.00,0,0
1415339685,s0-eth3,14637.36,667007.00,681644.38,667674,14652,221.78,440.56,662.34,441,222,0.00,0.00,0,0
1415339685,s0-eth2,12725.28,604995.00,617720.31,605600,12738,192.81,399.60,592.41,400,193,0.00,0.00,0,0
1415339685,total,1960565.50,1981352.75,3941918.25,1983334,1962526,1911.09,1923.08,3834.17,1925,1913,0.00,0.00,0,0
1415339686,s1-eth1,517738.53,20451.10,538189.62,20492,518774,342.32,263.47,605.79,264,343,0.00,0.00,0,0
1415339686,s1-eth2,20357.29,517738.53,538095.81,518774,20398,262.48,342.32,604.79,343,263,0.00,0.00,0,0
1415339686,eth0,0.00,0.00,0.00,0,0,0.00,0.00,0.00,0,0,0.00,0.00,0,0
1415339686,lo,0.00,0.00,0.00,0,0,0.00,0.00,0.00,0,0,0.00,0.00,0,0
1415339686,s0-eth1,1250133.75,34389.22,1284523.00,34458,1252634,827.35,474.05,1301.40,475,829,0.00,0.00,0,0
1415339686,s0-eth3,20451.10,517738.53,538189.62,518774,20492,263.47,342.32,605.79,343,264,0.00,0.00,0,0
1415339686,s0-eth2,13844.31,626626.75,640471.06,627880,13872,209.58,415.17,624.75,416,210,0.00,0.00,0,0
1415339686,total,1822525.00,1716944.12,3539469.25,1720378,1826170,1905.19,1837.33,3742.52,1841,1909,0.00,0.00,0,0
1415339687,s1-eth1,801028.00,15922.00,816950.00,15922,801028,530.00,235.00,765.00,235,530,0.00,0.00,0,0
1415339687,s1-eth2,16016.00,801028.00,817044.00,801028,16016,236.00,530.00,766.00,530,236,0.00,0.00,0,0
1415339687,eth0,0.00,0.00,0.00,0,0,0.00,0.00,0.00,0,0,0.00,0.00,0,0
1415339687,lo,0.00,0.00,0.00,0,0,0.00,0.00,0.00,0,0,0.00,0.00,0,0
1415339687,s0-eth1,1250808.00,33048.00,1283856.00,33048,1250808,828.00,478.00,1306.00,478,828,0.00,0.00,0,0
1415339687,s0-eth3,15922.00,801028.00,816950.00,801028,15922,235.00,530.00,765.00,530,235,0.00,0.00,0,0
1415339687,s0-eth2,17154.00,546676.00,563830.00,546676,17154,243.00,362.00,605.00,362,243,0.00,0.00,0,0
1415339687,total,2100928.00,2197702.00,4298630.00,2197702,2100928,2072.00,2135.00,4207.00,2135,2072,0.00,0.00,0,0
1415339688,s1-eth1,678662.69,14886.23,693548.94,14916,680020,449.10,225.55,674.65,226,450,0.00,0.00,0,0
1415339688,s1-eth2,14886.23,678662.69,693548.94,680020,14916,225.55,449.10,674.65,450,226,0.00,0.00,0,0
1415339688,eth0,0.00,0.00,0.00,0,0,0.00,0.00,0.00,0,0,0.00,0.00,0,0
1415339688,lo,0.00,0.00,0.00,0,0,0.00,0.00,0.00,0,0,0.00,0.00,0,0
1415339688,s0-eth1,1242257.50,27137.72,1269395.25,27192,1244742,821.36,411.18,1232.53,412,823,0.00,0.00,0,0
1415339688,s0-eth3,14886.23,678662.69,693548.94,680020,14916,225.55,449.10,674.65,450,226,0.00,0.00,0,0
1415339688,s0-eth2,12251.50,568127.75,580379.25,569264,12276,185.63,375.25,560.88,376,186,0.00,0.00,0,0
1415339688,total,1962944.12,1967477.12,3930421.25,1971412,1966870,1907.19,1910.18,3817.37,1914,1911,0.00,0.00,0,0
1415339689,s1-eth1,570316.00,10230.00,580546.00,10230,570316,378.00,155.00,533.00,155,378,0.00,0.00,0,0
1415339689,s1-eth2,10230.00,570316.00,580546.00,570316,10230,155.00,378.00,533.00,378,155,0.00,0.00,0,0
1415339689,eth0,0.00,0.00,0.00,0,0,0.00,0.00,0.00,0,0,0.00,0.00,0,0
1415339689,lo,0.00,0.00,0.00,0,0,0.00,0.00,0.00,0,0,0.00,0.00,0,0
1415339689,s0-eth1,1102076.00,21120.00,1123196.00,21120,1102076,730.00,320.00,1050.00,320,730,0.00,0.00,0,0
1415339689,s0-eth3,10230.00,570316.00,580546.00,570316,10230,155.00,378.00,533.00,378,155,0.00,0.00,0,0
1415339689,s0-eth2,10956.00,571124.00,582080.00,571124,10956,166.00,378.00,544.00,378,166,0.00,0.00,0,0
1415339689,total,1703808.00,1743106.00,3446914.00,1743106,1703808,1584.00,1609.00,3193.00,1609,1584,0.00,0.00,0,0
1415339690,s1-eth1,619348.00,23682.00,643030.00,23682,619348,410.00,313.00,723.00,313,410,0.00,0.00,0,0
1415339690,s1-eth2,23616.00,619348.00,642964.00,619348,23616,312.00,410.00,722.00,410,312,0.00,0.00,0,0
1415339690,eth0,0.00,0.00,0.00,0,0,0.00,0.00,0.00,0,0,0.00,0.00,0,0
1415339690,lo,344.00,344.00,688.00,344,344,6.00,6.00,12.00,6,6,0.00,0.00,0,0
1415339690,s0-eth1,1242747.25,43366.63,1286113.88,43410,1243990,822.18,568.43,1390.61,569,823,0.00,0.00,0,0
1415339690,s0-eth3,23658.34,618729.31,642387.62,619348,23682,312.69,409.59,722.28,410,313,0.00,0.00,0,0
1415339690,s0-eth2,19708.29,571080.94,590789.25,571652,19728,255.74,377.62,633.37,378,256,0.00,0.00,0,0
1415339690,total,1928779.25,1875908.12,3804687.50,1877784,1930708,2117.88,2083.92,4201.80,2086,2120,0.00,0.00,0,0
1415339691,s1-eth1,670205.38,14213.36,684418.75,14256,672216,442.67,215.35,658.03,216,444,0.00,0.00,0,0
1415339691,s1-eth2,14279.16,670205.38,684484.56,672216,14322,216.35,442.67,659.02,444,217,0.00,0.00,0,0
1415339691,eth0,0.00,0.00,0.00,0,0,0.00,0.00,0.00,0,0,0.00,0.00,0,0
1415339691,lo,0.00,0.00,0.00,0,0,0.00,0.00,0.00,0,0,0.00,0.00,0,0
1415339691,s0-eth1,1245314.12,27110.67,1272424.75,27192,1249050,822.53,410.77,1233.30,412,825,0.00,0.00,0,0
1415339691,s0-eth3,14213.36,670205.38,684418.75,672216,14256,215.35,442.67,658.03,444,216,0.00,0.00,0,0
1415339691,s0-eth2,12897.31,608317.06,621214.38,610142,12936,195.41,401.79,597.21,403,196,0.00,0.00,0,0
1415339691,total,1956909.25,1990051.88,3946961.25,1996022,1962780,1892.32,1913.26,3805.58,1919,1898,0.00,0.00,0,0
1415339692,s1-eth1,640422.00,13926.00,654348.00,13926,640422,423.00,211.00,634.00,211,423,0.00,0.00,0,0
1415339692,s1-eth2,13926.00,640422.00,654348.00,640422,13926,211.00,423.00,634.00,423,211,0.00,0.00,0,0
1415339692,eth0,0.00,0.00,0.00,0,0,0.00,0.00,0.00,0,0,0.00,0.00,0,0
1415339692,lo,0.00,0.00,0.00,0,0,0.00,0.00,0.00,0,0,0.00,0.00,0,0
1415339692,s0-eth1,1252078.00,27324.00,1279402.00,27324,1252078,827.00,414.00,1241.00,414,827,0.00,0.00,0,0
1415339692,s0-eth3,13926.00,640422.00,654348.00,640422,13926,211.00,423.00,634.00,423,211,0.00,0.00,0,0
1415339692,s0-eth2,13398.00,623768.00,637166.00,623768,13398,203.00,412.00,615.00,412,203,0.00,0.00,0,0
1415339692,total,1933750.00,1945862.00,3879612.00,1945862,1933750,1875.00,1883.00,3758.00,1883,1875,0.00,0.00,0,0
1415339693,s1-eth1,632604.00,13728.00,646332.00,13728,632604,418.00,208.00,626.00,208,418,0.00,0.00,0,0
1415339693,s1-eth2,13728.00,632604.00,646332.00,632604,13728,208.00,418.00,626.00,418,208,0.00,0.00,0,0
1415339693,eth0,0.00,310.00,310.00,310,0,0.00,2.00,2.00,2,0,0.00,0.00,0,0
1415339693,lo,0.00,0.00,0.00,0,0,0.00,0.00,0.00,0,0,0.00,0.00,0,0
1415339693,s0-eth1,1250316.00,27258.00,1277574.00,27258,1250316,826.00,413.00,1239.00,413,826,0.00,0.00,0,0
1415339693,s0-eth3,13728.00,632604.00,646332.00,632604,13728,208.00,418.00,626.00,418,208,0.00,0.00,0,0
1415339693,s0-eth2,13530.00,626796.00,640326.00,626796,13530,205.00,414.00,619.00,414,205,0.00,0.00,0,0
1415339693,total,1923906.00,1933300.00,3857206.00,1933300,1923906,1865.00,1873.00,3738.00,1873,1865,0.00,0.00,0,0
1415339694,s1-eth1,644964.00,14124.00,659088.00,14124,644964,426.00,214.00,640.00,214,426,0.00,0.00,0,0
1415339694,s1-eth2,14124.00,644964.00,659088.00,644964,14124,214.00,426.00,640.00,426,214,0.00,0.00,0,0
1415339694,eth0,0.00,0.00,0.00,0,0,0.00,0.00,0.00,0,0,0.00,0.00,0,0
1415339694,lo,0.00,0.00,0.00,0,0,0.00,0.00,0.00,0,0,0.00,0.00,0,0
1415339694,s0-eth1,1252078.00,27258.00,1279336.00,27258,1252078,827.00,413.00,1240.00,413,827,0.00,0.00,0,0
1415339694,s0-eth3,14124.00,644964.00,659088.00,644964,14124,214.00,426.00,640.00,426,214,0.00,0.00,0,0
1415339694,s0-eth2,13134.00,602572.00,615706.00,602572,13134,199.00,398.00,597.00,398,199,0.00,0.00,0,0
1415339694,total,1938424.00,1933882.00,3872306.00,1933882,1938424,1880.00,1877.00,3757.00,1877,1880,0.00,0.00,0,0
1415339695,s1-eth1,633142.00,13728.00,646870.00,13728,633142,419.00,208.00,627.00,208,419,0.00,0.00,0,0
1415339695,s1-eth2,13728.00,633142.00,646870.00,633142,13728,208.00,419.00,627.00,419,208,0.00,0.00,0,0
1415339695,eth0,0.00,86.00,86.00,86,0,0.00,1.00,1.00,1,0,0.00,0.00,0,0
1415339695,lo,344.00,344.00,688.00,344,344,6.00,6.00,12.00,6,6,0.00,0.00,0,0
1415339695,s0-eth1,1250854.00,27390.00,1278244.00,27390,1250854,827.00,415.00,1242.00,415,827,0.00,0.00,0,0
1415339695,s0-eth3,13728.00,633142.00,646870.00,633142,13728,208.00,419.00,627.00,419,208,0.00,0.00,0,0
1415339695,s0-eth2,13662.00,622254.00,635916.00,622254,13662,207.00,411.00,618.00,411,207,0.00,0.00,0,0
1415339695,total,1925458.00,1930086.00,3855544.00,1930086,1925458,1875.00,1879.00,3754.00,1879,1875,0.00,0.00,0,0
1415339696,s1-eth1,624129.88,13846.15,637976.06,13860,624754,412.59,209.79,622.38,210,413,0.00,0.00,0,0
1415339696,s1-eth2,13846.15,624129.88,637976.06,624754,13860,209.79,412.59,622.38,413,210,0.00,0.00,0,0
1415339696,eth0,0.00,0.00,0.00,0,0,0.00,0.00,0.00,0,0,0.00,0.00,0,0
1415339696,lo,0.00,0.00,0.00,0,0,0.00,0.00,0.00,0,0,0.00,0.00,0,0
1415339696,s0-eth1,1249314.75,27494.51,1276809.25,27522,1250564,825.17,416.58,1241.76,417,826,0.00,0.00,0,0
1415339696,s0-eth3,13846.15,624129.88,637976.06,624754,13860,209.79,412.59,622.38,413,210,0.00,0.00,0,0
1415339696,s0-eth2,13582.42,615736.25,629318.69,616352,13596,205.79,407.59,613.39,408,206,0.00,0.00,0,0
1415339696,total,1914719.38,1905336.75,3820056.00,1907242,1916634,1863.14,1859.14,3722.28,1861,1865,0.00,0.00,0,0
1415339697,s1-eth1,738248.00,16236.00,754484.00,16236,738248,488.00,246.00,734.00,246,488,0.00,0.00,0,0
1415339697,s1-eth2,16170.00,739762.00,755932.00,739762,16170,245.00,489.00,734.00,489,245,0.00,0.00,0,0
1415339697,eth0,0.00,0.00,0.00,0,0,0.00,0.00,0.00,0,0,0.00,0.00,0,0
1415339697,lo,0.00,0.00,0.00,0,0,0.00,0.00,0.00,0,0,0.00,0.00,0,0
1415339697,s0-eth1,1248941.12,32595.41,1281536.50,32628,1250190,826.17,475.52,1301.70,476,827,0.00,0.00,0,0
1415339697,s0-eth3,16236.00,739762.00,755998.00,739762,16236,246.00,489.00,735.00,489,246,0.00,0.00,0,0
1415339697,s0-eth2,16392.00,495078.00,511470.00,495078,16392,230.00,327.00,557.00,327,230,0.00,0.00,0,0
1415339697,total,2037236.00,2023466.00,4060702.00,2023466,2037236,2036.00,2027.00,4063.00,2027,2036,0.00,0.00,0,0
1415339698,s1-eth1,661952.06,14703.30,676655.38,14718,662614,438.56,222.78,661.34,223,439,0.00,0.00,0,0
1415339698,s1-eth2,14769.23,660439.56,675208.81,661100,14784,223.78,437.56,661.34,438,224,0.00,0.00,0,0
1415339698,eth0,0.00,0.00,0.00,0,0,0.00,0.00,0.00,0,0,0.00,0.00,0,0
1415339698,lo,0.00,0.00,0.00,0,0,0.00,0.00,0.00,0,0,0.00,0.00,0,0
1415339698,s0-eth1,1250365.62,27626.38,1277992.00,27654,1251616,827.17,418.58,1245.75,419,828,0.00,0.00,0,0
1415339698,s0-eth3,14703.30,660439.56,675142.88,661100,14718,222.78,437.56,660.34,438,223,0.00,0.00,0,0
1415339698,s0-eth2,12936.00,607114.00,620050.00,607114,12936,196.00,401.00,597.00,401,196,0.00,0.00,0,0
1415339698,total,1956668.00,1971686.00,3928354.00,1971686,1956668,1910.00,1919.00,3829.00,1919,1910,0.00,0.00,0,0
1415339699,s1-eth1,566358.00,21476.00,587834.00,21476,566358,375.00,284.00,659.00,284,375,0.00,0.00,0,0
1415339699,s1-eth2,21382.00,566358.00,587740.00,566358,21382,283.00,375.00,658.00,375,283,0.00,0.00,0,0
1415339699,eth0,0.00,0.00,0.00,0,0,0.00,0.00,0.00,0,0,0.00,0.00,0,0
1415339699,lo,0.00,0.00,0.00,0,0,0.00,0.00,0.00,0,0,0.00,0.00,0,0
1415339699,s0-eth1,1250448.00,37660.00,1288108.00,37660,1250448,828.00,508.00,1336.00,508,828,0.00,0.00,0,0
1415339699,s0-eth3,21476.00,566358.00,587834.00,566358,21476,284.00,375.00,659.00,375,284,0.00,0.00,0,0
1415339699,s0-eth2,16156.00,577236.00,593392.00,577236,16156,224.00,382.00,606.00,382,224,0.00,0.00,0,0
1415339699,total,1875820.00,1769088.00,3644908.00,1769088,1875820,1994.00,1924.00,3918.00,1924,1994,0.00,0.00,0,0
1415339700,eth0,1169.66,658.68,1828.34,660,1172,9.98,9.98,19.96,10,10,0.00,0.00,0,0
1415339700,lo,594.81,594.81,1189.62,596,596,8.98,8.98,17.96,9,9,0.00,0.00,0,0
1415339700,total,18409924727830216704.00,18409924727830216704.00,18409924727830216704.00,18446744073649529185,18446744073649787183,18409924727830157312.00,18409924727830157312.00,18409924727830097920.00,18446744073709492243,18446744073709492412,0.00,0.00,0,0
1415339701,eth0,113.77,481.04,594.81,482,114,1.00,2.99,3.99,3,1,0.00,0.00,0,0
1415339701,lo,0.00,0.00,0.00,0,0,0.00,0.00,0.00,0,0,0.00,0.00,0,0
1415339701,total,113.77,481.04,594.81,482,114,1.00,2.99,3.99,3,1,0.00,0.00,0,0
1415339702,eth0,0.00,0.00,0.00,0,0,0.00,0.00,0.00,0,0,0.00,0.00,0,0
14153