1415376406.842937,0
1415376406.891628,0
1415376406.935824,0
1415376406.982554,0
1415376407.025753,0
1415376407.075973,0
1415376407.116708,0
1415376407.157617,0
1415376407.198708,0
1415376407.244155,0
1415376407.286937,0
1415376407.329209,0
1415376407.367250,0
1415376407.409432,0
1415376407.449652,0
1415376407.489544,0
1415376407.529592,0
1415376407.568320,0
1415376407.612162,0
1415376407.658744,0
1415376407.702649,0
1415376407.747826,0
1415376407.789792,0
1415376407.829145,0
1415376407.869427,0
1415376407.912414,0
1415376407.956583,0
1415376407.998279,0
1415376408.036601,0
1415376408.082062,0
1415376408.125453,0
1415376408.169513,0
1415376408.207870,0
1415376408.249603,0
1415376408.286196,0
1415376408.330953,0
1415376408.370306,0
1415376408.409221,0
1415376408.451533,0
1415376408.497490,0
1415376408.539990,0
1415376408.580851,0
1415376408.624792,0
1415376408.666770,0
1415376408.708301,0
1415376408.745934,0
1415376408.788187,0
1415376408.832230,0
1415376408.879389,0
1415376408.919846,0
1415376408.960839,0
1415376409.003535,0
1415376409.048038,0
1415376409.083935,0
1415376409.130905,0
1415376409.173066,0
1415376409.215809,0
1415376409.258088,0
1415376409.316276,0
1415376409.354377,0
1415376409.394082,0
1415376409.440342,0
1415376409.481449,0
1415376409.530673,0
1415376409.572908,0
1415376409.611515,0
1415376409.650971,0
1415376409.689923,0
1415376409.730607,0
1415376409.768940,0
1415376409.807285,0
1415376409.848947,0
1415376409.891662,0
1415376409.931518,0
1415376409.975443,0
1415376410.022163,0
1415376410.064496,0
1415376410.105815,0
1415376410.154700,0
1415376410.197441,0
1415376410.239740,0
1415376410.280046,0
1415376410.321312,0
1415376410.363111,0
1415376410.407194,0
1415376410.452891,0
1415376410.521615,0
1415376410.571664,0
1415376410.613871,0
1415376410.657830,0
1415376410.696195,0
1415376410.742196,0
1415376410.786852,0
1415376410.832950,0
1415376410.870449,0
1415376410.908334,0
1415376410.948103,0
1415376410.992715,0
1415376411.035488,0
1415376411.081973,0
1415376411.123923,0
1415376411.166181,0
1415376411.209893,0
1415376411.247883,0
1415376411.287169,0
1415376411.327056,0
1415376411.372220,0
1415376411.415554,0
1415376411.462272,0
1415376411.504928,0
1415376411.554878,0
1415376411.596329,0
1415376411.640900,0
1415376411.684601,0
1415376411.724462,0
1415376411.765627,0
1415376411.811697,0
1415376411.860362,0
1415376411.903845,0
1415376411.947075,0
1415376411.991391,0
1415376412.034606,0
1415376412.081301,0
1415376412.129494,0
1415376412.174836,0
1415376412.216409,0
1415376412.263036,0
1415376412.303632,0
1415376412.352309,0
1415376412.396302,0
1415376412.438800,0
1415376412.479493,0
1415376412.519594,0
1415376412.559492,0
1415376412.599775,0
1415376412.636043,0
1415376412.681253,0
1415376412.721005,0
1415376412.763817,0
1415376412.803748,0
1415376412.850978,0
1415376412.892935,0
1415376412.938053,0
1415376412.976322,0
1415376413.016714,0
1415376413.056828,0
1415376413.094762,0
1415376413.139483,0
1415376413.183768,0
1415376413.228102,0
1415376413.272840,0
1415376413.316355,0
1415376413.359505,0
1415376413.396709,0
1415376413.439339,0
1415376413.482472,0
1415376413.533545,0
1415376413.576660,0
1415376413.615568,0
1415376413.660815,0
1415376413.701603,0
1415376413.740571,0
1415376413.784895,0
1415376413.824801,0
1415376413.867661,0
1415376413.911435,0
1415376413.954254,0
1415376413.995381,0
1415376414.036713,0
1415376414.085466,0
1415376414.130323,0
1415376414.167592,0
1415376414.209868,0
1415376414.250451,0
1415376414.293146,0
1415376414.338398,0
1415376414.378455,0
1415376414.419466,0
1415376414.457992,0
1415376414.496774,0
1415376414.540295,0
1415376414.588242,0
1415376414.633704,0
1415376414.680821,0
1415376414.723342,0
1415376414.764155,0
1415376414.806640,0
1415376414.854881,0
1415376414.902643,0
1415376414.943131,0
1415376414.991050,0
1415376415.031393,0
1415376415.072465,0
1415376415.123588,0
1415376415.165326,0
1415376415.207063,0
1415376415.249429,0
1415376415.290870,0
1415376415.333540,0
1415376415.375541,0
1415376415.424395,0
1415376415.470423,0
1415376415.507668,0
1415376415.550830,0
1415376415.588664,0
1415376415.627764,0
1415376415.668485,0
1415376415.704626,0
1415376415.749412,0
1415376415.786969,0
1415376415.832460,0
1415376415.876514,0
1415376415.921594,0
1415376415.963788,0
1415376416.006710,0
1415376416.045408,0
1415376416.085733,0
1415376416.124899,0
1415376416.175193,0
1415376416.219194,0
1415376416.263408,0
1415376416.305826,0
1415376416.345993,0
1415376416.387760,0
1415376416.430329,0
1415376416.471332,0
1415376416.513466,0
1415376416.563888,0
1415376416.609127,0
1415376416.653069,0
1415376416.694090,0
1415376416.740588,0
1415376416.782845,0
1415376416.827764,0
1415376416.874810,0
1415376416.920172,0
1415376416.960465,0
1415376417.002423,0
1415376417.044268,0
1415376417.090372,0
1415376417.129662,0
1415376417.174550,0
1415376417.215495,0
1415376417.262439,0
1415376417.303652,0
1415376417.350429,0
1415376417.391470,0
1415376417.430947,0
1415376417.473620,0
1415376417.517328,0
1415376417.559949,0
1415376417.601621,0
1415376417.643816,0
1415376417.684187,0
1415376417.729344,0
1415376417.769479,0
1415376417.813157,0
1415376417.855210,0
1415376417.899541,0
1415376417.941383,0
1415376417.983597,0
1415376418.034431,0
1415376418.085540,0
1415376418.134637,0
1415376418.175815,0
1415376418.218142,0
1415376418.263611,0
1415376418.314512,0
1415376418.359064,0
1415376418.399298,0
1415376418.439863,0
1415376418.482223,0
1415376418.525388,0
1415376418.569112,0
1415376418.608046,0
1415376418.645353,0
1415376418.687535,0
1415376418.725353,0
1415376418.767930,0
1415376418.807578,0
1415376418.847337,0
1415376418.890763,0
1415376418.931809,0
1415376418.976293,0
1415376419.017033,0
1415376419.055298,0
1415376419.097693,0
1415376419.140305,0
1415376419.181437,0
1415376419.224480,0
1415376419.265606,0
1415376419.304760,0
1415376419.350211,0
1415376419.388181,0
1415376419.437337,0
1415376419.476658,0
1415376419.522515,0
1415376419.561609,0
1415376419.606661,0
1415376419.661913,0
1415376419.700320,0
1415376419.740618,0
1415376419.780534,0
1415376419.824089,0
1415376419.872079,0
1415376419.916533,0
1415376419.955969,0
1415376420.003507,0
1415376420.054631,0
1415376420.098691,0
1415376420.138255,0
1415376420.178287,0
1415376420.227184,0
1415376420.264936,0
1415376420.311313,0
1415376420.352723,0
1415376420.393189,0
1415376420.435251,0
1415376420.477875,0
1415376420.520355,0
1415376420.583163,0
1415376420.628272,0
1415376420.665994,0
1415376420.705476,0
1415376420.750837,0
1415376420.798833,0
1415376420.839890,0
1415376420.884303,0
1415376420.926747,0
1415376420.976225,0
1415376421.020173,0
1415376421.060029,0
1415376421.096244,0
1415376421.140124,0
1415376421.178863,0
1415376421.215328,0
1415376421.259133,0
1415376421.300372,0
1415376421.346420,0
1415376421.389821,0
1415376421.430591,0
1415376421.469007,0
1415376421.514445,0
1415376421.554924,0
1415376421.599421,0
1415376421.635647,0
1415376421.684682,0
1415376421.730938,0
1415376421.770907,0
1415376421.812247,0
1415376421.858960,0
1415376421.898970,0
1415376421.938398,0
1415376421.978921,0
1415376422.020899,0
1415376422.062151,0
1415376422.102961,0
1415376422.147455,0
1415376422.192369,0
1415376422.238550,0
1415376422.279575,0
1415376422.320083,0
1415376422.359927,0
1415376422.404086,0
1415376422.448812,0
1415376422.484913,0
1415376422.532483,0
1415376422.575399,0
1415376422.619357,0
1415376422.657315,0
1415376422.708346,0
1415376422.753211,0
1415376422.797940,0
1415376422.838780,0
1415376422.881980,0
1415376422.921336,0
1415376422.963805,0
1415376423.007694,0
1415376423.053115,0
1415376423.102292,0
1415376423.146573,0
1415376423.187020,0
1415376423.225011,0
1415376423.264541,0
1415376423.305603,0
1415376423.350947,0
1415376423.393380,0
1415376423.435166,0
1415376423.478578,0
1415376423.520014,0
1415376423.560218,0
1415376423.603998,0
1415376423.649629,0
1415376423.687949,0
1415376423.729443,0
1415376423.766148,0
1415376423.811001,0
1415376423.847656,0
1415376423.885444,0
1415376423.923694,0
1415376423.972366,0
1415376424.014596,0
1415376424.057830,0
1415376424.095573,0
1415376424.135398,0
1415376424.180655,0
1415376424.219143,0
1415376424.259360,0
1415376424.298825,0
1415376424.341676,0
1415376424.384254,0
1415376424.429848,0
1415376424.473357,0
1415376424.518808,0
1415376424.561007,0
1415376424.601953,0
1415376424.650444,0
1415376424.690241,0
1415376424.730886,0
1415376424.772906,0
1415376424.818761,0
1415376424.855196,0
1415376424.901885,0
1415376424.950966,0
1415376424.993529,0
1415376425.045625,0
1415376425.087485,0
1415376425.125079,0
1415376425.163722,0
1415376425.209360,0
1415376425.252760,0
1415376425.297940,0
1415376425.339444,0
1415376425.381712,0
1415376425.428553,0
1415376425.468491,0
1415376425.508385,0
1415376425.549040,0
1415376425.590975,0
1415376425.630937,0
1415376425.676612,0
1415376425.721249,0
1415376425.762969,0
1415376425.808881,0
1415376425.849743,0
1415376425.888469,0
1415376425.928829,0
1415376425.969279,0
1415376426.010252,0
1415376426.052944,0
1415376426.102639,0
1415376426.144524,0
1415376426.187792,0
1415376426.230423,0
1415376426.271846,0
1415376426.319430,0
1415376426.363321,0
1415376426.407280,0
1415376426.444881,0
1415376426.487245,0
1415376426.527777,0
1415376426.566254,0
1415376426.609288,0
1415376426.647353,0
1415376426.686774,0
1415376426.731588,0
1415376426.772337,0
1415376426.815616,0
1415376426.863608,0
1415376426.905678,0
1415376426.951064,0
1415376427.000566,0
1415376427.043881,0
1415376427.087549,0
1415376427.127459,0
1415376427.167346,0
1415376427.210134,0
1415376427.250504,0
1415376427.292807,0
1415376427.334939,0
1415376427.379615,0
1415376427.416633,0
1415376427.455738,0
1415376427.497312,0
1415376427.540964,0
1415376427.584383,0
1415376427.629964,0
1415376427.668567,0
1415376427.713242,0
1415376427.757630,0
1415376427.799042,0
1415376427.835447,0
1415376427.877789,0
1415376427.915532,0
1415376427.958995,0
1415376427.997624,0
1415376428.038529,0
1415376428.075501,0
1415376428.122179,0
1415376428.164449,0
1415376428.208719,0
1415376428.246456,0
1415376428.285009,0
1415376428.326830,0
1415376428.367709,0
1415376428.404921,0
1415376428.452905,0
1415376428.497963,0
1415376428.543026,0
1415376428.588885,0
1415376428.628688,0
1415376428.664804,0
1415376428.705895,0
1415376428.753021,0
1415376428.800378,0
1415376428.839980,0
1415376428.879395,0
1415376428.927141,0
1415376428.966259,0
1415376429.013934,0
1415376429.058809,0
1415376429.095799,0
1415376429.138209,0
1415376429.176641,0
1415376429.220397,0
1415376429.264715,0
1415376429.303433,0
1415376429.346809,0
1415376429.387709,0
1415376429.429257,0
1415376429.474111,0
1415376429.514772,0
1415376429.556895,0
1415376429.599930,0
1415376429.640714,0
1415376429.678387,0
1415376429.716144,0
1415376429.761381,0
1415376429.807266,0
1415376429.847624,0
1415376429.886268,0
1415376429.927996,0
1415376429.967831,0
1415376430.007500,0
1415376430.051703,0
1415376430.102098,0
1415376430.147520,0
1415376430.192478,0
1415376430.239644,0
1415376430.278050,0
1415376430.315633,0
1415376430.356285,0
1415376430.399100,0
1415376430.438120,0
1415376430.482110,0
1415376430.532954,0
1415376430.576716,0
1415376430.641602,0
1415376430.680673,0
1415376430.725407,0
1415376430.766466,0
1415376430.811895,0
1415376430.853919,0
1415376430.899928,0
1415376430.943121,0
1415376430.988093,0
1415376431.026657,0
1415376431.070871,0
1415376431.108716,0
1415376431.144815,0
1415376431.191378,0
1415376431.233923,0
1415376431.280383,0
1415376431.322326,0
1415376431.363821,0
1415376431.409397,0
1415376431.451929,0
1415376431.496192,0
1415376431.538951,0
1415376431.575864,0
1415376431.621575,0
1415376431.663273,0
1415376431.707292,0
1415376431.743935,0
1415376431.791339,0
1415376431.835003,0
1415376431.875571,0
1415376431.921847,0
1415376431.961640,0
1415376432.000042,0
1415376432.042072,0
1415376432.084570,0
1415376432.129117,0
1415376432.166741,0
1415376432.212498,0
1415376432.251861,0
1415376432.296235,0
1415376432.335117,0
1415376432.381539,0
1415376432.422246,0
1415376432.468080,0
1415376432.507371,0
1415376432.550409,0
1415376432.590521,0
1415376432.630033,0
1415376432.674090,0
1415376432.731431,0
1415376432.771773,0
1415376432.822545,0
1415376432.865720,0
1415376432.908593,0
1415376432.946204,0
1415376432.992674,0
1415376433.031057,0
1415376433.075544,0
1415376433.121204,0
1415376433.164005,0
1415376433.205293,0
1415376433.250532,0
1415376433.290724,0
1415376433.329380,0
1415376433.369175,0
1415376433.406256,0
1415376433.449597,0
1415376433.488351,0
1415376433.527783,0
1415376433.567941,0
1415376433.609589,0
1415376433.662200,0
1415376433.703134,0
1415376433.744652,0
1415376433.785627,0
1415376433.828586,0
1415376433.865522,0
1415376433.908406,0
1415376433.954751,0
1415376434.002723,0
1415376434.046994,0
1415376434.086165,0
1415376434.126703,0
1415376434.171848,0
1415376434.217730,0
1415376434.258916,0
1415376434.295361,0
1415376434.335817,0
1415376434.412898,0
1415376434.475079,0
1415376434.546833,11
1415376434.668213,27
1415376434.709438,32
1415376434.752241,36
1415376434.794330,41
1415376434.840219,45
1415376434.880305,53
1415376434.922598,58
1415376434.967019,62
1415376435.006454,68
1415376435.048866,71
1415376435.087100,78
1415376435.129098,82
1415376435.168105,88
1415376435.207454,90
1415376435.248722,95
1415376435.290950,99
1415376435.333373,100
1415376435.376077,100
1415376435.418151,100
1415376435.455155,100
1415376435.496263,100
1415376435.537622,100
1415376435.579589,100
1415376435.616633,100
1415376435.664529,99
1415376435.707297,99
1415376435.752134,99
1415376435.802184,99
1415376435.844358,100
1415376435.889657,100
1415376435.929888,100
1415376435.972029,100
1415376436.018652,100
1415376436.060975,100
1415376436.107155,100
1415376436.152717,98
1415376436.194526,95
1415376436.233061,93
1415376436.279862,89
1415376436.319915,87
1415376436.360652,84
1415376436.404622,83
1415376436.447909,80
1415376436.490472,77
1415376436.532754,75
1415376436.582574,71
1415376436.631113,68
1415376436.668187,66
1415376436.706962,71
1415376436.750913,77
1415376436.790777,79
1415376436.836602,84
1415376436.879993,90
1415376436.919942,97
1415376436.962600,99
1415376437.004469,99
1415376437.050927,98
1415376437.090984,99
1415376437.131699,98
1415376437.172484,98
1415376437.215820,99
1415376437.259924,99
1415376437.300122,98
1415376437.339794,99
1415376437.377846,98
1415376437.419244,98
1415376437.460928,98
1415376437.505029,99
1415376437.550254,99
1415376437.595394,98
1415376437.637000,98
1415376437.684251,98
1415376437.726271,98
1415376437.768258,99
1415376437.808302,100
1415376437.852991,100
1415376437.896304,100
1415376437.939215,99
1415376437.981424,99
1415376438.029228,99
1415376438.077621,99
1415376438.116805,100
1415376438.160809,99
1415376438.200492,99
1415376438.247681,100
1415376438.291820,100
1415376438.333911,99
1415376438.376479,100
1415376438.420317,99
1415376438.460234,100
1415376438.498545,99
1415376438.545746,99
1415376438.590027,100
1415376438.631579,99
1415376438.676621,100
1415376438.719797,100
1415376438.758504,100
1415376438.795476,100
1415376438.839790,99
1415376438.882253,99
1415376438.925687,99
1415376438.967818,98
1415376439.013932,100
1415376439.060019,99
1415376439.101377,98
1415376439.151677,100
1415376439.193031,99
1415376439.242339,99
1415376439.294732,99
1415376439.336149,100
1415376439.379190,99
1415376439.419146,100
1415376439.457507,99
1415376439.502846,96
1415376439.543391,93
1415376439.593547,91
1415376439.636010,87
1415376439.679826,86
1415376439.720157,83
1415376439.761916,80
1415376439.806367,77
1415376439.848357,75
1415376439.895940,72
1415376439.936851,69
1415376439.981480,66
1415376440.030888,63
1415376440.069419,60
1415376440.106603,59
1415376440.149329,57
1415376440.191893,53
1415376440.236986,51
1415376440.280833,51
1415376440.320975,51
1415376440.361968,50
1415376440.405542,51
1415376440.448048,50
1415376440.494062,50
1415376440.538832,50
1415376440.579371,51
1415376440.620350,51
1415376440.693167,50
1415376440.740828,51
1415376440.780601,52
1415376440.822971,51
1415376440.867516,51
1415376440.918654,51
1415376440.959549,52
1415376441.000574,52
1415376441.044273,51
1415376441.090918,51
1415376441.132827,51
1415376441.179174,52
1415376441.221107,53
1415376441.262889,52
1415376441.304282,52
1415376441.347607,53
1415376441.392622,53
1415376441.438543,53
1415376441.480631,52
1415376441.519296,53
1415376441.557544,52
1415376441.599112,52
1415376441.637944,53
1415376441.677154,54
1415376441.723351,53
1415376441.765801,53
1415376441.806698,53
1415376441.847737,53
1415376441.888160,53
1415376441.929452,53
1415376441.974842,53
1415376442.022028,54
1415376442.075179,53
1415376442.116934,53
1415376442.163767,54
1415376442.206216,54
1415376442.249484,54
1415376442.291061,54
1415376442.332095,55
1415376442.374267,54
1415376442.416031,55
1415376442.458465,55
1415376442.498846,54
1415376442.540713,55
1415376442.580873,55
1415376442.620441,55
1415376442.663128,55
1415376442.706066,55
1415376442.758286,55
1415376442.796516,56
1415376442.840044,56
1415376442.882158,56
1415376442.925404,56
1415376442.967211,56
1415376443.007418,55
1415376443.049927,57
1415376443.089443,56
1415376443.130445,56
1415376443.172819,56
1415376443.215632,56
1415376443.259707,57
1415376443.298307,56
1415376443.343708,57
1415376443.387618,56
1415376443.428285,56
1415376443.468672,56
1415376443.512940,58
1415376443.559280,58
1415376443.597122,57
1415376443.636625,58
1415376443.680591,58
1415376443.722961,58
1415376443.766240,57
1415376443.808439,58
1415376443.849338,57
1415376443.888389,58
1415376443.930603,58
1415376443.972316,57
1415376444.022323,58
1415376444.066890,58
1415376444.107471,58
1415376444.146820,59
1415376444.191047,58
1415376444.231990,58
1415376444.275713,58
1415376444.316846,58
1415376444.359492,58
1415376444.399530,59
1415376444.440290,59
1415376444.478170,60
1415376444.520144,59
1415376444.566458,59
1415376444.618728,60
1415376444.658597,59
1415376444.695958,59
1415376444.740026,59
1415376444.780633,59
1415376444.821427,59
1415376444.870695,59
1415376444.917153,59
1415376444.961259,60
1415376445.003644,60
1415376445.048946,61
1415376445.089450,61
1415376445.131755,61
1415376445.177773,59
1415376445.219461,61
1415376445.257130,61
1415376445.300372,61
1415376445.343869,61
1415376445.388441,60
1415376445.425903,61
1415376445.468283,61
1415376445.511516,61
1415376445.556388,61
1415376445.601502,61
1415376445.643968,62
1415376445.687999,61
1415376445.732036,62
1415376445.779137,61
1415376445.822358,62
1415376445.867856,61
1415376445.908912,61
1415376445.951452,62
1415376445.993769,61
1415376446.036298,62
1415376446.075985,62
1415376446.116153,63
1415376446.160207,63
1415376446.203391,62
1415376446.251590,63
1415376446.296957,62
1415376446.341370,62
1415376446.387457,62
1415376446.433201,62
1415376446.478800,62
1415376446.522153,64
1415376446.570357,64
1415376446.616571,62
1415376446.655881,63
1415376446.698059,64
1415376446.740341,64
1415376446.785317,64
1415376446.833170,63
1415376446.876280,63
1415376446.920467,64
1415376446.970010,64
1415376447.010293,64
1415376447.053979,64
1415376447.099295,65
1415376447.138834,65
1415376447.179286,64
1415376447.217352,64
1415376447.257694,65
1415376447.301046,64
1415376447.350032,65
1415376447.393690,65
1415376447.438192,65
1415376447.479418,63
1415376447.523079,65
1415376447.569449,65
1415376447.608241,66
1415376447.649664,66
1415376447.691282,66
1415376447.735452,66
1415376447.777296,65
1415376447.820351,66
1415376447.862662,65
1415376447.908508,65
1415376447.948266,65
1415376447.990763,64
1415376448.030663,65
1415376448.079700,66
1415376448.118678,65
1415376448.163000,67
1415376448.208863,67
1415376448.248010,67
1415376448.287421,66
1415376448.326368,67
1415376448.366951,66
1415376448.408872,66
1415376448.451892,66
1415376448.496195,67
1415376448.539859,67
1415376448.584096,67
1415376448.628915,66
1415376448.669982,67
1415376448.708407,67
1415376448.748635,68
1415376448.786452,67
1415376448.828324,67
1415376448.870885,67
1415376448.908627,68
1415376448.948005,67
1415376448.991323,67
1415376449.032778,68
1415376449.075466,67
1415376449.118410,67
1415376449.159758,68
1415376449.199576,67
1415376449.242338,67
1415376449.284555,67
1415376449.329382,67
1415376449.371108,68
1415376449.427376,68
1415376449.465769,67
1415376449.506710,68
1415376449.545611,67
1415376449.586121,66
1415376449.626779,67
1415376449.668170,69
1415376449.710825,67
1415376449.756290,68
1415376449.795708,67
1415376449.846311,68
1415376449.888312,68
1415376449.928638,67
1415376449.968757,68
1415376450.008756,69
1415376450.050311,67
1415376450.092923,68
1415376450.134829,67
1415376450.180895,67
1415376450.227956,67
1415376450.269540,67
1415376450.315024,67
1415376450.357455,69
1415376450.400197,68
1415376450.445048,67
1415376450.484946,68
1415376450.528410,67
1415376450.571399,68
1415376450.619126,69
1415376450.658216,69
1415376450.728701,67
1415376450.770631,67
1415376450.809217,68
1415376450.850411,69
1415376450.893032,69
1415376450.935798,69
1415376450.977815,68
1415376451.018312,69
1415376451.055532,69
1415376451.098950,69
1415376451.144235,69
1415376451.191496,70
1415376451.239987,69
1415376451.285128,69
1415376451.325072,69
1415376451.370037,69
1415376451.414995,68
1415376451.456912,69
1415376451.496300,69
1415376451.541893,68
1415376451.590074,68
1415376451.628988,68
1415376451.666964,69
1415376451.704565,70
1415376451.748607,69
1415376451.789280,70
1415376451.827030,69
1415376451.864205,68
1415376451.910319,69
1415376451.953678,70
1415376451.999330,69
1415376452.038100,68
1415376452.080580,70
1415376452.130825,71
1415376452.178752,70
1415376452.218532,70
1415376452.259215,71
1415376452.307168,69
1415376452.349792,70
1415376452.391633,71
1415376452.433057,70
1415376452.482172,70
1415376452.530228,71
1415376452.572525,70
1415376452.619603,70
1415376452.665779,67
1415376452.706745,70
1415376452.754152,70
1415376452.803828,69
1415376452.851378,71
1415376452.897106,71
1415376452.940422,70
1415376452.981474,69
1415376453.026500,70
1415376453.068550,70
1415376453.106718,69
1415376453.151025,70
1415376453.196083,68
1415376453.242656,71
1415376453.295142,70
1415376453.337021,71
1415376453.382269,72
1415376453.428608,71
1415376453.466069,70
1415376453.509742,71
1415376453.552670,70
1415376453.600431,70
1415376453.643855,71
1415376453.694673,70
1415376453.736701,71
1415376453.777668,70
1415376453.817936,70
1415376453.855739,71
1415376453.898819,71
1415376453.936840,71
1415376453.979224,71
1415376454.023526,70
1415376454.072041,72
1415376454.115831,70
1415376454.160425,71
1415376454.199411,71
1415376454.241394,72
1415376454.286563,72
1415376454.330936,70
1415376454.372965,71
1415376454.424425,72
1415376454.465554,73
1415376454.506829,71
1415376454.544930,73
1415376454.586638,71
1415376454.630148,72
1415376454.669392,71
1415376454.709622,72
1415376454.752957,71
1415376454.798439,73
1415376454.841340,72
1415376454.885259,72
1415376454.929706,72
1415376454.979524,72
1415376455.018206,71
1415376455.064641,72
1415376455.107238,71
1415376455.146044,71
1415376455.190583,71
1415376455.235707,71
1415376455.280544,72
1415376455.319872,72
1415376455.360080,71
1415376455.401052,72
1415376455.448889,72
1415376455.492205,72
1415376455.534880,72
1415376455.575575,73
1415376455.620014,71
1415376455.674155,72
1415376455.717746,73
1415376455.756697,73
1415376455.794818,74
1415376455.839335,73
1415376455.883769,72
1415376455.931562,73
1415376455.978003,73
1415376456.017141,74
1415376456.058882,73
1415376456.099344,73
1415376456.138886,74
1415376456.188234,73
1415376456.228589,73
1415376456.272885,73
1415376456.316710,73
1415376456.359156,73
1415376456.399985,72
1415376456.448918,74
1415376456.495264,72
1415376456.539680,73
1415376456.581098,74
1415376456.629450,74
1415376456.669130,72
1415376456.712391,73
1415376456.758042,73
1415376456.795777,72
1415376456.840175,74
1415376456.883774,74
1415376456.925477,74
1415376456.965340,75
1415376457.012739,73
1415376457.057131,74
1415376457.096567,75
1415376457.136691,74
1415376457.176909,75
1415376457.216642,74
1415376457.255906,73
1415376457.304815,73
1415376457.350640,73
1415376457.398529,74
1415376457.437658,74
1415376457.475878,75
1415376457.524706,74
1415376457.567272,74
1415376457.608225,75
1415376457.649917,74
1415376457.692699,74
1415376457.739722,74
1415376457.781859,73
1415376457.830105,73
1415376457.875371,74
1415376457.919441,74
1415376457.956850,74
1415376457.996625,75
1415376458.037361,73
1415376458.077322,73
1415376458.116919,74
1415376458.160742,75
1415376458.206286,74
1415376458.249037,76
1415376458.287928,75
1415376458.332601,75
1415376458.379343,76
1415376458.419658,75
1415376458.462255,76
1415376458.504573,75
1415376458.552308,75
1415376458.589632,76
1415376458.629902,75
1415376458.674711,76
1415376458.715697,75
1415376458.758431,76
1415376458.796678,75
1415376458.840081,76
1415376458.894009,75
1415376458.931328,75
1415376458.979786,74
1415376459.027804,75
1415376459.066827,75
1415376459.111144,76
1415376459.156893,76
1415376459.203328,75
1415376459.248866,74
1415376459.288514,75
1415376459.325472,75
1415376459.384924,75
1415376459.426713,76
1415376459.471973,76
1415376459.520483,75
1415376459.560172,76
1415376459.604415,77
1415376459.648212,76
1415376459.688913,77
1415376459.732046,76
1415376459.778123,76
1415376459.815911,75
1415376459.863404,75
1415376459.906759,74
1415376459.947911,75
1415376459.985388,75
1415376460.029127,76
1415376460.073551,76
1415376460.116406,76
1415376460.160271,77
1415376460.204173,75
1415376460.245429,74
1415376460.286848,77
1415376460.325363,76
1415376460.369382,76
1415376460.417601,76
1415376460.462587,75
1415376460.506448,76
1415376460.548587,75
1415376460.592429,76
1415376460.637976,77
1415376460.678179,76
1415376460.730527,75
1415376460.778689,75
1415376460.823222,77
1415376460.870303,77
1415376460.919818,76
1415376460.964852,78
1415376461.006116,76
1415376461.047255,77
1415376461.085669,77
1415376461.128442,77
1415376461.172160,77
1415376461.218744,77
1415376461.255790,76
1415376461.297260,77
1415376461.339723,76
1415376461.378643,76
1415376461.418232,77
1415376461.459715,76
1415376461.510079,77
1415376461.549571,77
1415376461.588275,78
1415376461.625636,78
1415376461.672374,77
1415376461.720741,76
1415376461.768326,77
1415376461.812257,76
1415376461.859727,78
1415376461.902974,77
1415376461.949721,77
1415376461.989473,77
1415376462.031906,76
1415376462.072890,78
1415376462.125072,78
1415376462.174830,77
1415376462.221041,77
1415376462.263104,77
1415376462.305079,77
1415376462.347287,79
1415376462.394254,78
1415376462.441013,77
1415376462.481500,78
1415376462.530261,79
1415376462.570298,79
1415376462.612907,78
1415376462.658750,78
1415376462.699863,79
1415376462.753479,79
1415376462.800038,79
1415376462.841457,78
1415376462.895051,77
1415376462.940443,78
1415376462.984045,78
1415376463.028730,78
1415376463.069451,76
1415376463.109119,77
1415376463.147720,78
1415376463.190926,79
1415376463.233635,78
1415376463.281321,78
1415376463.325636,78
1415376463.364514,77
1415376463.406692,79
1415376463.456670,80
1415376463.498763,80
1415376463.536550,79
1415376463.582763,80
1415376463.630498,80
1415376463.675285,80
1415376463.714571,78
1415376463.758710,79
1415376463.797990,77
1415376463.835826,79
1415376463.880654,80
1415376463.922402,79
1415376463.963827,78
1415376464.005587,80
1415376464.050310,77
1415376464.091240,79
1415376464.132920,78
1415376464.180705,79
1415376464.225348,79
1415376464.267627,79
1415376464.309323,80
1415376464.349405,79
1415376464.393393,80
1415376464.439901,79
1415376464.483024,79
1415376464.528453,80
1415376464.574582,78
1415376464.613652,78
1415376464.650994,78
1415376464.689389,80
1415376464.727479,79
1415376464.770389,80
1415376464.813545,80
1415376464.858762,81
1415376464.910394,80
1415376464.952102,80
1415376465.007517,79
1415376465.054135,80
1415376465.099544,80
1415376465.141033,80
1415376465.191450,80
1415376465.236147,80
1415376465.276762,79
1415376465.320311,80
1415376465.370147,81
1415376465.408621,79
1415376465.447816,80
1415376465.496051,80
1415376465.542725,80
1415376465.586573,80
1415376465.626851,81
1415376465.667571,80
1415376465.706613,79
1415376465.750714,79
1415376465.792785,78
1415376465.837568,79
1415376465.877041,80
1415376465.917835,79
1415376465.960036,79
1415376466.004946,80
1415376466.047090,80
1415376466.090965,81
1415376466.136872,81
1415376466.177945,82
1415376466.224116,80
1415376466.271357,81
1415376466.314626,80
1415376466.356505,81
1415376466.398298,81
1415376466.437120,80
1415376466.476478,81
1415376466.520209,81
1415376466.564614,82
1415376466.605570,80
1415376466.647583,82
1415376466.690600,81
1415376466.737217,82
1415376466.781613,82
1415376466.829465,80
1415376466.876129,82
1415376466.916701,80
1415376466.958144,81
1415376466.998987,82
1415376467.047928,82
1415376467.087985,82
1415376467.132949,81
1415376467.178227,80
1415376467.218149,79
1415376467.260062,82
1415376467.318140,83
1415376467.355081,81
1415376467.399630,83
1415376467.439719,81
1415376467.483361,83
1415376467.529703,82
1415376467.571749,83
1415376467.626064,83
1415376467.670546,84
1415376467.715532,82
1415376467.758828,82
1415376467.800447,84
1415376467.843738,83
1415376467.889597,83
1415376467.928509,83
1415376467.969774,83
1415376468.010019,82
1415376468.053809,83
1415376468.096532,82
1415376468.137917,83
1415376468.174972,82
1415376468.221619,81
1415376468.269226,82
1415376468.311361,81
1415376468.351731,81
1415376468.396572,82
1415376468.440205,82
1415376468.484004,81
1415376468.529298,81
1415376468.572274,82
1415376468.617666,82
1415376468.661119,81
1415376468.705406,82
1415376468.749519,81
1415376468.796752,82
1415376468.839208,81
1415376468.883729,83
1415376468.931537,83
1415376468.978611,84
1415376469.022272,82
1415376469.070822,84
1415376469.109306,84
1415376469.152297,83
1415376469.201928,83
1415376469.244513,84
1415376469.288008,82
1415376469.327647,83
1415376469.368571,83
1415376469.410416,83
1415376469.452705,84
1415376469.498527,82
1415376469.545280,84
1415376469.589147,82
1415376469.627971,83
1415376469.674271,84
1415376469.718971,84
1415376469.763416,83
1415376469.801885,84
1415376469.841024,83
1415376469.880223,82
1415376469.919652,84
1415376469.963979,83
1415376470.003157,82
1415376470.041552,83
1415376470.079539,84
1415376470.116802,84
1415376470.154876,81
1415376470.194348,82
1415376470.238333,84
1415376470.278911,83
1415376470.326027,83
1415376470.366257,84
1415376470.411985,85
1415376470.456300,85
1415376470.503053,83
1415376470.547310,84
1415376470.588084,84
1415376470.635811,83
1415376470.678407,83
1415376470.720417,84
1415376470.786375,83
1415376470.828152,85
1415376470.867270,84
1415376470.908120,84
1415376470.951847,85
1415376470.999997,85
1415376471.047110,84
1415376471.087090,84
1415376471.127317,84
1415376471.168982,84
1415376471.211785,85
1415376471.253296,84
1415376471.297297,84
1415376471.336903,84
1415376471.376664,85
1415376471.421562,84
1415376471.465863,84
1415376471.507962,83
1415376471.550220,84
1415376471.591561,85
1415376471.635661,83
1415376471.675884,85
1415376471.722880,86
1415376471.770814,86
1415376471.819889,85
1415376471.859843,85
1415376471.900705,84
1415376471.949101,85
1415376471.991106,85
1415376472.034887,85
1415376472.077981,85
1415376472.119723,84
1415376472.179040,85
1415376472.219037,84
1415376472.260581,85
1415376472.312213,85
1415376472.352829,86
1415376472.392932,84
1415376472.440371,85
1415376472.486532,85
1415376472.531920,85
1415376472.574796,86
1415376472.622988,84
1415376472.666967,84
1415376472.706389,84
1415376472.752868,85
1415376472.797723,85
1415376472.843054,84
1415376472.887468,85
1415376472.926802,84
1415376472.970276,85
1415376473.012903,86
1415376473.056627,86
1415376473.100936,85
1415376473.145978,85
1415376473.195619,86
1415376473.240911,87
1415376473.285650,85
1415376473.326157,86
1415376473.368046,85
1415376473.410613,86
1415376473.455141,87
1415376473.500226,87
1415376473.547708,85
1415376473.592807,87
1415376473.634950,87
1415376473.676536,86
1415376473.718053,86
1415376473.756673,86
1415376473.796877,85
1415376473.839660,86
1415376473.888610,85
1415376473.931636,87
1415376473.975097,85
1415376474.026280,85
1415376474.067985,87
1415376474.110370,85
1415376474.153292,86
1415376474.229384,86
1415376474.275791,87
1415376474.430393,85
1415376474.471666,86
1415376474.517316,87
1415376474.561578,85
1415376474.637877,86
1415376474.708087,88
1415376474.762826,87
1415376474.968548,86
1415376475.124280,81
1415376475.205908,87
1415376475.344686,86
1415376475.423141,87
1415376475.605000,87
1415376475.668761,86
1415376475.716071,87
1415376475.763145,88
1415376475.809244,87
1415376475.849546,87
1415376475.891911,88
1415376475.934887,88
1415376475.982538,86
1415376476.030265,86
1415376476.075420,87
1415376476.115552,88
1415376476.160738,88
1415376476.202027,87
1415376476.341060,89
1415376476.406812,88
1415376476.470236,88
1415376476.513431,88
1415376476.601080,89
1415376476.674925,88
1415376476.743189,88
1415376476.788173,89
1415376476.832777,88
1415376476.877799,88
1415376476.924653,88
1415376476.967843,88
1415376477.013444,88
1415376477.074982,89
1415376477.155539,87
1415376477.210951,89
1415376477.260919,88
1415376477.335584,89
1415376477.415602,87
1415376477.500907,87
1415376477.544756,89
1415376477.587282,88
1415376477.632827,88
1415376477.676370,89
1415376477.732384,88
1415376477.782399,88
1415376477.851730,90
1415376477.903882,90
1415376477.968455,89
1415376478.023259,89
1415376478.092860,90
1415376478.169498,89
1415376478.250837,88
1415376478.316015,89
1415376478.367795,89
1415376478.426866,88
1415376478.484998,90
1415376478.544617,89
1415376478.603716,89
1415376478.690958,89
1415376478.769495,89
1415376478.826333,89
1415376478.873117,89
1415376478.925175,88
1415376478.980379,90
1415376479.031301,90
1415376479.081297,88
1415376479.126763,90
1415376479.173745,88
1415376479.217558,90
1415376479.260064,89
1415376479.300877,89
1415376479.349156,90
1415376479.397267,90
1415376479.441365,91
1415376479.486412,89
1415376479.536467,89
1415376479.585539,91
1415376479.646546,89
1415376479.697285,89
1415376479.749326,91
1415376479.807223,91
1415376479.850373,91
1415376479.893490,90
1415376479.971452,90
1415376480.020317,90
1415376480.068519,90
1415376480.122873,90
1415376480.174726,91
1415376480.226145,89
1415376480.282368,90
1415376480.338228,91
1415376480.405554,90
1415376480.449595,89
1415376480.505981,90
1415376480.562646,91
1415376480.630824,91
1415376480.682467,90
1415376480.768761,90
1415376480.856395,90
1415376480.916985,91
1415376480.973406,91
1415376481.021995,91
1415376481.083659,91
1415376481.134949,91
1415376481.196447,91
1415376481.259394,92
1415376481.313955,91
1415376481.358459,91
1415376481.406837,92
1415376481.467609,92
1415376481.531476,92
1415376481.593280,91
1415376481.654584,91
1415376481.730734,91
1415376481.796961,91
1415376481.852615,90
1415376481.908697,91
1415376481.984947,90
1415376482.031154,89
1415376482.088083,90
1415376482.132650,91
1415376482.187740,92
1415376482.232195,90
1415376482.307562,91
1415376482.358232,91
1415376482.416189,92
1415376482.461607,92
1415376482.512469,91
1415376482.570158,93
1415376482.635993,92
1415376482.765521,91
1415376482.828119,91
1415376482.886639,91
1415376482.939093,92
1415376482.999662,93
1415376483.070436,91
1415376483.117063,92
1415376483.156837,91
1415376483.202585,92
1415376483.241471,92
1415376483.282999,92
1415376483.321629,92
1415376483.370945,92
1415376483.413215,93
1415376483.451421,92
1415376483.512113,93
1415376483.568074,92
1415376483.610087,92
1415376483.654998,93
1415376483.693669,92
1415376483.735108,93
1415376483.778533,91
1415376483.822444,92
1415376483.866688,91
1415376483.909250,93
1415376483.953498,92
1415376483.994012,94
1415376484.036581,93
1415376484.079399,93
1415376484.120152,94
1415376484.167726,93
1415376484.207452,93
1415376484.246894,92
1415376484.289724,93
1415376484.334197,94
1415376484.376818,92
1415376484.416236,94
1415376484.454956,92
1415376484.497207,92
1415376484.537701,93
1415376484.578087,93
1415376484.617185,94
1415376484.659379,91
1415376484.700212,93
1415376484.740829,92
1415376484.784880,93
1415376484.826799,94
1415376484.872638,94
1415376484.918864,92
1415376484.965168,93
1415376485.016965,92
1415376485.061094,94
1415376485.107591,93
1415376485.152148,93
1415376485.193238,92
1415376485.235589,93
1415376485.276157,92
1415376485.317100,93
1415376485.357046,94
1415376485.398115,94
1415376485.436568,92
1415376485.474544,93
1415376485.517579,95
1415376485.557000,94
1415376485.597989,95
1415376485.637437,95
1415376485.677139,95
1415376485.718508,94
1415376485.762215,94
1415376485.803790,94
1415376485.850708,95
1415376485.892614,95
1415376485.936837,95
1415376485.976607,94
1415376486.022641,94
1415376486.064396,94
1415376486.114977,93
1415376486.156674,94
1415376486.196136,94
1415376486.234949,95
1415376486.281552,95
1415376486.325505,94
1415376486.381239,94
1415376486.509315,94
1415376486.566696,93
1415376486.632514,95
1415376486.672233,93
1415376486.717589,93
1415376486.755983,95
1415376486.796251,94
1415376486.835003,95
1415376486.878007,94
1415376486.926118,94
1415376486.968881,94
1415376487.012157,94
1415376487.057034,94
1415376487.099383,95
1415376487.142433,96
1415376487.225300,96
1415376487.309351,95
1415376487.367378,94
1415376487.423456,95
1415376487.471337,95
1415376487.516823,96
1415376487.557095,95
1415376487.596942,96
1415376487.634638,95
1415376487.677336,94
1415376487.716903,95
1415376487.755437,94
1415376487.796738,95
1415376487.836709,94
1415376487.876262,94
1415376487.916022,95
1415376487.958321,94
1415376487.997234,96
1415376488.040389,95
1415376488.081845,96
1415376488.123225,95
1415376488.167884,94
1415376488.211820,96
1415376488.253790,95
1415376488.299472,94
1415376488.350265,96
1415376488.389666,96
1415376488.431945,95
1415376488.479067,94
1415376488.520055,96
1415376488.563752,94
1415376488.605560,95
1415376488.644862,95
1415376488.689966,95
1415376488.735743,96
1415376488.777253,96
1415376488.818623,96
1415376488.858188,97
1415376488.898220,96
1415376488.942502,96
1415376488.985075,96
1415376489.026063,97
1415376489.069307,97
1415376489.111890,96
1415376489.156918,96
1415376489.199642,97
1415376489.236947,96
1415376489.279957,96
1415376489.318765,96
1415376489.359890,95
1415376489.404119,95
1415376489.449770,97
1415376489.492014,95
1415376489.536487,95
1415376489.576594,96
1415376489.618958,96
1415376489.660740,96
1415376489.707103,95
1415376489.751302,97
1415376489.795457,95
1415376489.855631,96
1415376489.908940,97
1415376489.987774,95
1415376490.068439,95
1415376490.122189,96
1415376490.178655,96
1415376490.220216,97
1415376490.266898,97
1415376490.314773,95
1415376490.357716,98
1415376490.404981,96
1415376490.448609,96
1415376490.488030,97
1415376490.531677,97
1415376490.577337,97
1415376490.617657,96
1415376490.659490,98
1415376490.708899,97
1415376490.757608,98
1415376490.875538,98
1415376490.934784,98
1415376491.007326,97
1415376491.072412,97
1415376491.143801,98
1415376491.212678,97
1415376491.264324,97
1415376491.305678,98
1415376491.348026,96
1415376491.390376,97
1415376491.435921,97
1415376491.477182,97
1415376491.518491,97
1415376491.562750,96
1415376491.604457,98
1415376491.646073,97
1415376491.691887,97
1415376491.739365,97
1415376491.778374,98
1415376491.822865,96
1415376491.862447,98
1415376491.904335,97
1415376491.947076,98
1415376491.988348,97
1415376492.030402,98
1415376492.074644,99
1415376492.117521,97
1415376492.161231,98
1415376492.205114,97
1415376492.247087,99
1415376492.287788,99
1415376492.328360,98
1415376492.374432,98
1415376492.420507,97
1415376492.462862,99
1415376492.505935,98
1415376492.548133,98
1415376492.589917,98
1415376492.633832,98
1415376492.676647,99
1415376492.722880,97
1415376492.770356,98
1415376492.810540,99
1415376492.849544,98
1415376492.888439,99
1415376492.929813,98
1415376492.975163,99
1415376493.017572,98
1415376493.057466,99
1415376493.099829,98
1415376493.140339,99
1415376493.186156,97
1415376493.229971,98
1415376493.274332,98
1415376493.320065,99
1415376493.359922,98
1415376493.402806,98
1415376493.459165,99
1415376493.500918,98
1415376493.549108,97
1415376493.596114,99
1415376493.640446,100
1415376493.679685,99
1415376493.726810,99
1415376493.767458,100
1415376493.810527,99
1415376493.854071,100
1415376493.897360,99
1415376493.942069,99
1415376493.980885,98
1415376494.022380,99
1415376494.067914,98
1415376494.107032,98
1415376494.150335,98
1415376494.193371,99
1415376494.238031,98
1415376494.283630,98
1415376494.329234,99
1415376494.368014,100
1415376494.416561,100
1415376494.459569,99
1415376494.499932,99
1415376494.565653,100
1415376494.616824,100
1415376494.657249,100
1415376494.695645,99
1415376494.737931,100
1415376494.779043,99
1415376494.819423,100
1415376494.858255,100
1415376494.897360,98
1415376494.939329,99
1415376494.977755,99
1415376495.018113,98
1415376495.059609,98
1415376495.098206,100
1415376495.140577,99
1415376495.187795,99
1415376495.227561,98
1415376495.265409,99
1415376495.306616,99
1415376495.350005,99
1415376495.389465,98
1415376495.430902,99
1415376495.475230,100
1415376495.516154,99
1415376495.555750,100
1415376495.596837,99
1415376495.636521,100
1415376495.685151,99
1415376495.728401,99
1415376495.780534,99
1415376495.825477,98
1415376495.866144,99
1415376495.909923,98
1415376495.947577,99
1415376495.987457,99
1415376496.027830,99
1415376496.067783,99
1415376496.110984,98
1415376496.155385,96
1415376496.202451,93
1415376496.247136,90
1415376496.289713,88
1415376496.331737,85
1415376496.375296,82
1415376496.415353,79
1415376496.455054,76
1415376496.495162,74
1415376496.537581,71
1415376496.594709,68
1415376496.639374,65
1415376496.686244,63
1415376496.728305,59
1415376496.774449,57
1415376496.822176,54
1415376496.871835,51
1415376496.916099,50
1415376496.958594,50
1415376496.999857,51
1415376497.038254,51
1415376497.079394,49
1415376497.125654,50
1415376497.170485,50
1415376497.215753,49
1415376497.259658,49
1415376497.304070,50
1415376497.350719,49
1415376497.397704,49
1415376497.439506,50
1415376497.486176,50
1415376497.533633,49
1415376497.580502,50
1415376497.622007,49
1415376497.665978,50
1415376497.704522,50
1415376497.751919,50
1415376497.798805,51
1415376497.836212,52
1415376497.878491,50
1415376497.917202,52
1415376497.961790,51
1415376498.000873,51
1415376498.043556,50
1415376498.094457,50
1415376498.133169,49
1415376498.171469,49
1415376498.210087,51
1415376498.258825,51
1415376498.296387,51
1415376498.335390,50
1415376498.375942,51
1415376498.415606,52
1415376498.466991,51
1415376498.514385,51
1415376498.555994,50
1415376498.596172,51
1415376498.637038,53
1415376498.680498,51
1415376498.727156,52
1415376498.770394,53
1415376498.816114,53
1415376498.855830,51
1415376498.895916,52
1415376498.937787,52
1415376498.979889,52
1415376499.041721,51
1415376499.100446,51
1415376499.223891,52
1415376499.282282,51
1415376499.343360,52
1415376499.418932,52
1415376499.502777,53
1415376499.550090,52
1415376499.603938,53
1415376499.654765,53
1415376499.722185,54
1415376499.768499,54
1415376499.829120,53
1415376499.872929,52
1415376499.935808,53
1415376499.994114,54
1415376500.035357,52
1415376500.077470,53
1415376500.117320,52
1415376500.158677,54
1415376500.205291,53
1415376500.252218,53
1415376500.303949,54
1415376500.373714,52
1415376500.440702,54
1415376500.541615,53
1415376500.591250,55
1415376500.648835,55
1415376500.693294,53
1415376500.739480,54
1415376500.790200,53
1415376500.855819,55
1415376500.939215,55
1415376500.990158,56
1415376501.034331,55
1415376501.077127,56
1415376501.125420,56
1415376501.168605,54
1415376501.215934,56
1415376501.258525,54
1415376501.308879,54
1415376501.354792,55
1415376501.397201,56
1415376501.439973,54
1415376501.482523,55
1415376501.524529,55
1415376501.580991,56
1415376501.622199,54
1415376501.681985,56
1415376501.732629,55
1415376501.777907,56
1415376501.822585,56
1415376501.866019,54
1415376501.907683,56
1415376501.948873,55
1415376501.989281,55
1415376502.035134,56
1415376502.079183,54
1415376502.130678,56
1415376502.176646,54
1415376502.217603,55
1415376502.259998,54
1415376502.390822,55
1415376502.454314,56
1415376502.520174,55
1415376502.562589,56
1415376502.605290,55
1415376502.650344,55
1415376502.695278,56
1415376502.752844,55
1415376502.800936,55
1415376502.846765,55
1415376502.888072,56
1415376502.952241,56
1415376502.998713,55
1415376503.043749,57
1415376503.087535,56
1415376503.133786,56
1415376503.186088,55
1415376503.242104,58
1415376503.295700,57
1415376503.344602,57
1415376503.390612,57
1415376503.440707,57
1415376503.488605,57
1415376503.547272,56
1415376503.584859,57
1415376503.629096,58
1415376503.668905,56
1415376503.710694,58
1415376503.751571,57
1415376503.798479,57
1415376503.843248,57
1415376503.887567,56
1415376503.930273,57
1415376503.974482,58
1415376504.016233,56
1415376504.059689,56
1415376504.102091,58
1415376504.144685,57
1415376504.188277,57
1415376504.231304,57
1415376504.277323,59
1415376504.316774,58
1415376504.358156,59
1415376504.399635,58
1415376504.443743,58
1415376504.487673,59
1415376504.527068,58
1415376504.568261,57
1415376504.612275,58
1415376504.656565,58
1415376504.695118,57
1415376504.734379,58
1415376504.777312,57
1415376504.819643,58
1415376504.861862,59
1415376504.908043,59
1415376504.953929,58
1415376504.994878,58
1415376505.036386,57
1415376505.078208,58
1415376505.118782,59
1415376505.160615,58
1415376505.211470,60
1415376505.258289,59
1415376505.298634,60
1415376505.347423,60
1415376505.385973,60
1415376505.430462,59
1415376505.474558,59
1415376505.515318,59
1415376505.560335,60
1415376505.609635,59
1415376505.648805,59
1415376505.692772,59
1415376505.734679,59
1415376505.779011,59
1415376505.820632,58
1415376505.869685,60
1415376505.918981,59
1415376505.958743,59
1415376506.007474,59
1415376506.048710,58
1415376506.090890,59
1415376506.131385,60
1415376506.177304,60
1415376506.219889,60
1415376506.261150,59
1415376506.306285,59
1415376506.350986,60
1415376506.401709,60
1415376506.448332,60
1415376506.509322,58
1415376506.589933,60
1415376506.690251,59
1415376506.741072,60
1415376506.786192,61
1415376506.828590,60
1415376506.875275,60
1415376506.919969,59
1415376506.970141,59
1415376507.023858,60
1415376507.071784,60
1415376507.119583,60
1415376507.161293,59
1415376507.205636,61
1415376507.249694,61
1415376507.290837,62
1415376507.334175,60
1415376507.378149,62
1415376507.417796,60
1415376507.460837,60
1415376507.508202,62
1415376507.547902,61
1415376507.586373,62
1415376507.634847,60
1415376507.675237,60
1415376507.715770,61
1415376507.753575,60
1415376507.798699,61
1415376507.840781,61
1415376507.888153,61
1415376507.930833,61
1415376507.976298,61
1415376508.019246,61
1415376508.058486,61
1415376508.099898,60
1415376508.145617,61
1415376508.187994,61
1415376508.238453,61
1415376508.295052,63
1415376508.336205,61
1415376508.376192,61
1415376508.431841,63
1415376508.476828,61
1415376508.515801,62
1415376508.556579,63
1415376508.600573,63
1415376508.644296,63
1415376508.687137,63
1415376508.732960,62
1415376508.778182,62
1415376508.824591,62
1415376508.864572,62
1415376508.914944,61
1415376508.978649,61
1415376509.020910,61
1415376509.074898,62
1415376509.132912,61
1415376509.187679,62
1415376509.233735,62
1415376509.276720,61
1415376509.331767,63
1415376509.402041,63
1415376509.459923,61
1415376509.501160,63
1415376509.545258,63
1415376509.604425,63
1415376509.647327,64
1415376509.688736,63
1415376509.728340,64
1415376509.801590,64
1415376509.844663,62
1415376509.907107,62
1415376509.954168,63
1415376510.006579,62
1415376510.048370,64
1415376510.093836,62
1415376510.133524,62
1415376510.178298,63
1415376510.228686,64
1415376510.270834,64
1415376510.321318,63
1415376510.367975,64
1415376510.444855,64
1415376510.493628,65
1415376510.556586,64
1415376510.598024,63
1415376510.649140,65
1415376510.693606,65
1415376510.732732,64
1415376510.776520,64
1415376510.816536,64
1415376510.854514,64
1415376510.896597,64
1415376510.963703,65
1415376511.006147,63
1415376511.052963,63
1415376511.097529,65
1415376511.138254,64
1415376511.178840,63
1415376511.220715,63
1415376511.269195,63
1415376511.318169,65
1415376511.382515,63
1415376511.427111,65
1415376511.472650,64
1415376511.515181,64
1415376511.559372,64
1415376511.600954,65
1415376511.648244,65
1415376511.691312,64
1415376511.747852,65
1415376511.789978,65
1415376511.833858,64
1415376511.878275,65
1415376511.917874,64
1415376511.964607,64
1415376512.020347,66
1415376512.066751,66
1415376512.116002,66
1415376512.161580,64
1415376512.202746,65
1415376512.250773,65
1415376512.307065,66
1415376512.351659,65
1415376512.398569,65
1415376512.443579,65
1415376512.489600,66
1415376512.528697,64
1415376512.590264,65
1415376512.639644,66
1415376512.692446,66
1415376512.766762,64
1415376512.819895,65
1415376512.890056,65
1415376512.935995,67
1415376512.981693,65
1415376513.025968,66
1415376513.067961,64
1415376513.108302,66
1415376513.147805,65
1415376513.189668,66
1415376513.228824,65
1415376513.267860,67
1415376513.306941,64
1415376513.355813,65
1415376513.402288,66
1415376513.445743,67
1415376513.489371,66
1415376513.532235,65
1415376513.576435,67
1415376513.616393,66
1415376513.657182,67
1415376513.698865,65
1415376513.748160,68
1415376513.791227,65
1415376513.832815,67
1415376513.876858,67
1415376513.920128,67
1415376513.965430,67
1415376514.010681,68
1415376514.055944,67
1415376514.095613,66
1415376514.136622,66
1415376514.177641,67
1415376514.216285,66
1415376514.260551,67
1415376514.325893,67
1415376514.403328,67
1415376514.450584,67
1415376514.496390,68
1415376514.540138,66
1415376514.592595,68
1415376514.636101,68
1415376514.680761,67
1415376514.725040,67
1415376514.787781,68
1415376514.841694,67
1415376514.886123,68
1415376514.928898,67
1415376514.986559,68
1415376515.025438,67
1415376515.066483,68
1415376515.107122,69
1415376515.149549,69
1415376515.189222,67
1415376515.231041,68
1415376515.273988,67
1415376515.315212,68
1415376515.355904,69
1415376515.398286,67
1415376515.448775,68
1415376515.493262,68
1415376515.538455,69
1415376515.582911,67
1415376515.626849,67
1415376515.666165,68
1415376515.706881,67
1415376515.747807,68
1415376515.790878,67
1415376515.833369,68
1415376515.875126,68
1415376515.913237,68
1415376515.957349,68
1415376515.999146,67
1415376516.039200,70
1415376516.087731,69
1415376516.128058,69
1415376516.168567,68
1415376516.208029,67
1415376516.249029,70
1415376516.296633,69
1415376516.338411,69
1415376516.385446,69
1415376516.426535,68
1415376516.468357,68
1415376516.513291,68
1415376516.554532,68
1415376516.598595,69
1415376516.645590,69
1415376516.686171,69
1415376516.724597,68
1415376516.766126,67
1415376516.808193,69
1415376516.850871,68
1415376516.921688,68
1415376516.976071,70
1415376517.021827,70
1415376517.083440,69
1415376517.152066,68
1415376517.198745,68
1415376517.258015,69
1415376517.314704,69
1415376517.363497,69
1415376517.430774,69
1415376517.488163,69
1415376517.548170,70
1415376517.622664,70
1415376517.664531,69
1415376517.707347,71
1415376517.752169,70
1415376517.805991,70
1415376517.860003,71
1415376517.899622,69
1415376517.944615,70
1415376517.990005,71
1415376518.040459,69
1415376518.082378,69
1415376518.128248,70
1415376518.176847,70
1415376518.220906,70
1415376518.260718,71
1415376518.306527,70
1415376518.348872,71
1415376518.391711,69
1415376518.446228,71
1415376518.488190,71
1415376518.529856,70
1415376518.573210,70
1415376518.618900,70
1415376518.660199,72
1415376518.697746,70
1415376518.736723,71
1415376518.774728,69
1415376518.817502,71
1415376518.870973,71
1415376518.922106,71
1415376518.968788,72
1415376519.017549,70
1415376519.060909,71
1415376519.121332,71
1415376519.163686,70
1415376519.204931,71
1415376519.245468,71
1415376519.283672,72
1415376519.323542,70
1415376519.369204,71
1415376519.407659,70
1415376519.446689,72
1415376519.485557,71
1415376519.524331,71
1415376519.563689,71
1415376519.606930,70
1415376519.645015,71
1415376519.687920,72
1415376519.726547,72
1415376519.769292,72
1415376519.810943,71
1415376519.855186,72
1415376519.896298,73
1415376519.935613,73
1415376519.979125,72
1415376520.018333,72
1415376520.059723,71
1415376520.098168,72
1415376520.137499,71
1415376520.175301,73
1415376520.218590,70
1415376520.262326,72
1415376520.304285,72
1415376520.344112,72
1415376520.388669,71
1415376520.436455,71
1415376520.477645,71
1415376520.526796,73
1415376520.569988,72
1415376520.618405,72
1415376520.659259,73
1415376520.703665,72
1415376520.752682,72
1415376520.795968,72
1415376520.842680,72
1415376520.882360,73
1415376520.930871,73
1415376520.989969,72
1415376521.033061,74
1415376521.077929,74
1415376521.119933,72
1415376521.159627,74
1415376521.197799,71
1415376521.235778,73
1415376521.272815,72
1415376521.311140,72
1415376521.348504,74
1415376521.386425,74
1415376521.424785,73
1415376521.462416,73
1415376521.500251,72
1415376521.542560,73
1415376521.580647,73
1415376521.623394,74
1415376521.672375,71
1415376521.721612,74
1415376521.770483,74
1415376521.813291,73
1415376521.855940,74
1415376521.895019,74
1415376521.935602,73
1415376521.976506,73
1415376522.017711,74
1415376522.057037,72
1415376522.094734,74
1415376522.134752,71
1415376522.180505,74
1415376522.223965,75
1415376522.266937,74
1415376522.305904,75
1415376522.343343,74
1415376522.392930,74
1415376522.435603,72
1415376522.476184,73
1415376522.514568,73
1415376522.555380,74
1415376522.594693,75
1415376522.635251,74
1415376522.685687,74
1415376522.759806,74
1415376522.842179,74
1415376522.906458,74
1415376522.948169,74
1415376522.992579,74
1415376523.037509,75
1415376523.080480,74
1415376523.131548,73
1415376523.190392,74
1415376523.234872,73
1415376523.274535,73
1415376523.314587,75
1415376523.356253,73
1415376523.396525,76
1415376523.439180,75
1415376523.479386,76
1415376523.524854,74
1415376523.568492,75
1415376523.613348,75
1415376523.655200,74
1415376523.697092,75
1415376523.739872,76
1415376523.782064,76
1415376523.833379,74
1415376523.876252,74
1415376523.925054,74
1415376523.964665,74
1415376524.005555,75
1415376524.045338,75
1415376524.084864,76
1415376524.125346,75
1415376524.165770,76
1415376524.208462,76
1415376524.254464,75
1415376524.295149,74
1415376524.334176,75
1415376524.384613,74
1415376524.426813,76
1415376524.470415,76
1415376524.514594,75
1415376524.557302,76
1415376524.601234,76
1415376524.647391,75
1415376524.689123,75
1415376524.731632,77
1415376524.776801,77
1415376524.821044,76
1415376524.869682,76
1415376524.912385,76
1415376524.965667,74
1415376525.009899,75
1415376525.055613,75
1415376525.094933,76
1415376525.136184,76
1415376525.175883,76
1415376525.220050,76
1415376525.262598,76
1415376525.311346,76
1415376525.358912,76
1415376525.404373,77
1415376525.447177,76
1415376525.489057,76
1415376525.529580,77
1415376525.572525,76
1415376525.625071,74
1415376525.678639,77
1415376525.722409,75
1415376525.777318,76
1415376525.822744,77
1415376525.861926,76
1415376525.904242,77
1415376525.944153,76
1415376525.989470,77
1415376526.030492,76
1415376526.074151,77
1415376526.114507,77
1415376526.158121,77
1415376526.200958,77
1415376526.254332,77
1415376526.302653,76
1415376526.397107,77
1415376526.451758,77
1415376526.495623,76
1415376526.539871,77
1415376526.584505,77
1415376526.626414,76
1415376526.667885,77
1415376526.710961,78
1415376526.799218,77
1415376526.844166,78
1415376526.887409,77
1415376526.938607,78
1415376526.979919,77
1415376527.028304,77
1415376527.090139,77
1415376527.175993,75
1415376527.250235,79
1415376527.292381,79
1415376527.336666,78
1415376527.379775,78
1415376527.424308,79
1415376527.467799,78
1415376527.512524,78
1415376527.553660,79
1415376527.599128,77
1415376527.642696,78
1415376527.691040,78
1415376527.730973,79
1415376527.784234,78
1415376527.831869,79
1415376527.878577,78
1415376527.921073,79
1415376527.966602,78
1415376528.007029,78
1415376528.047698,78
1415376528.094922,77
1415376528.136573,79
1415376528.178107,77
1415376528.222581,78
1415376528.275001,78
1415376528.321185,78
1415376528.369824,78
1415376528.415051,79
1415376528.458960,79
1415376528.500385,78
1415376528.544846,78
1415376528.586358,78
1415376528.632041,79
1415376528.674845,79
1415376528.727756,79
1415376528.773396,79
1415376528.818141,79
1415376528.865584,79
1415376528.906595,80
1415376528.950178,78
1415376528.999025,79
1415376529.056886,79
1415376529.110991,78
1415376529.172787,79
1415376529.268397,79
1415376529.352710,78
1415376529.401548,78
1415376529.443878,79
1415376529.492697,79
1415376529.543251,77
1415376529.594519,79
1415376529.640804,79
1415376529.685499,79
1415376529.724718,80
1415376529.770619,79
1415376529.818581,78
1415376529.859965,80
1415376529.901648,80
1415376529.950990,80
1415376530.004041,81
1415376530.048101,80
1415376530.103013,81
1415376530.146574,79
1415376530.185491,80
1415376530.225508,80
1415376530.268402,80
1415376530.318426,81
1415376530.358701,81
1415376530.407722,80
1415376530.449838,80
1415376530.494316,80
1415376530.535668,81
1415376530.583013,81
1415376530.624705,80
1415376530.663808,79
1415376530.705753,80
1415376530.748605,81
1415376530.789527,80
1415376530.838353,79
1415376530.880522,79
1415376530.926341,79
1415376530.966165,80
1415376531.026689,76
1415376531.065524,81
1415376531.106518,80
1415376531.145982,79
1415376531.187631,80
1415376531.231005,81
1415376531.275644,82
1415376531.316788,81
1415376531.382225,81
1415376531.425514,81
1415376531.463547,80
1415376531.504290,81
1415376531.553888,81
1415376531.594489,81
1415376531.640332,82
1415376531.687717,82
1415376531.730499,80
1415376531.781107,80
1415376531.830206,80
1415376531.878369,80
1415376531.918551,81
1415376531.961398,82
1415376532.009056,80
1415376532.053222,81
1415376532.096063,81
1415376532.141243,81
1415376532.189562,80
1415376532.233442,81
1415376532.275636,81
1415376532.314687,81
1415376532.358624,82
1415376532.409475,81
1415376532.456072,81
1415376532.497693,80
1415376532.541934,80
1415376532.584718,81
1415376532.626965,82
1415376532.669293,82
1415376532.717538,82
1415376532.769408,81
1415376532.814293,81
1415376532.860024,82
1415376532.904168,82
1415376532.946159,83
1415376532.984565,82
1415376533.025082,81
1415376533.065531,81
1415376533.104072,81
1415376533.146137,83
1415376533.188231,82
1415376533.234348,82
1415376533.275236,82
1415376533.319007,82
1415376533.359249,82
1415376533.401345,81
1415376533.444644,82
1415376533.484656,83
1415376533.545337,83
1415376533.617563,82
1415376533.658764,83
1415376533.699379,83
1415376533.741699,83
1415376533.790238,83
1415376533.841546,82
1415376533.881764,82
1415376533.926960,83
1415376533.972444,83
1415376534.020216,85
1415376534.058072,85
1415376534.100692,86
1415376534.147592,85
1415376534.189769,85
1415376534.232400,86
1415376534.273111,85
1415376534.320518,95
1415376534.363206,96
1415376534.406811,95
1415376534.453351,95
1415376534.497293,96
1415376534.536381,96
1415376534.574616,96
1415376534.612261,94
1415376534.652449,95
1415376534.697027,96
1415376534.747089,94
1415376534.787534,94
1415376534.828254,95
1415376534.869522,94
1415376534.918882,93
1415376534.968351,95
1415376535.019408,91
1415376535.065400,100
1415376535.106258,99
1415376535.158891,98
1415376535.198297,98
1415376535.244845,99
1415376535.289874,99
1415376535.334964,99
1415376535.377886,99
1415376535.415861,98
1415376535.454233,100
1415376535.494006,100
1415376535.535937,99
1415376535.576363,99
1415376535.617384,98
1415376535.658759,98
1415376535.703923,98
1415376535.752570,98
1415376535.800965,99
1415376535.855212,99
1415376535.904545,99
1415376535.945787,99
1415376535.985637,96
1415376536.029567,98
1415376536.071437,97
1415376536.115614,98
1415376536.155980,97
1415376536.201087,98
1415376536.248356,98
1415376536.288859,99
1415376536.333840,96
1415376536.382828,99
1415376536.430329,97
1415376536.478313,94
1415376536.520767,91
1415376536.564029,88
1415376536.608226,86
1415376536.651992,82
1415376536.703165,81
1415376536.752151,77
1415376536.795555,76
1415376536.835290,73
1415376536.879535,71
1415376536.924770,68
1415376536.965096,65
1415376537.007977,63
1415376537.052328,60
1415376537.101047,56
1415376537.147586,54
1415376537.195072,51
1415376537.235930,49
1415376537.277826,51
1415376537.320155,51
1415376537.371644,51
1415376537.421658,54
1415376537.473193,55
1415376537.519816,54
1415376537.564453,55
1415376537.604775,55
1415376537.643584,55
1415376537.687451,54
1415376537.733704,55
1415376537.777009,54
1415376537.824116,56
1415376537.865482,56
1415376537.904777,55
1415376537.947399,56
1415376537.998160,54
1415376538.042227,56
1415376538.091595,56
1415376538.138986,58
1415376538.180853,56
1415376538.227322,56
1415376538.271231,58
1415376538.316909,57
1415376538.358676,56
1415376538.413468,55
1415376538.456281,59
1415376538.494841,58
1415376538.537480,57
1415376538.582903,58
1415376538.626885,58
1415376538.665691,57
1415376538.715221,57
1415376538.770878,56
1415376538.830000,57
1415376538.889496,58
1415376538.947468,57
1415376539.032247,59
1415376539.084542,59
1415376539.143997,59
1415376539.207858,58
1415376539.279132,60
1415376539.342594,60
1415376539.406425,60
1415376539.462089,59
1415376539.507054,60
1415376539.548511,61
1415376539.588011,60
1415376539.628776,61
1415376539.681680,58
1415376539.729076,58
1415376539.777974,53
1415376539.821389,49
1415376539.865969,47
1415376539.908422,48
1415376539.960171,48
1415376540.015839,48
1415376540.076728,49
1415376540.119866,49
1415376540.168505,47
1415376540.212456,46
1415376540.257312,47
1415376540.298379,46
1415376540.343432,46
1415376540.388560,45
1415376540.440178,46
1415376540.490489,46
1415376540.539996,46
1415376540.588908,45
1415376540.630131,46
1415376540.672216,44
1415376540.723510,46
1415376540.767014,45
1415376540.810042,45
1415376540.861311,46
1415376540.907157,46
1415376540.952496,46
1415376540.999863,46
1415376541.079602,47
1415376541.126025,45
1415376541.170582,45
1415376541.209182,45
1415376541.257062,47
1415376541.300019,46
1415376541.345615,46
1415376541.385883,46
1415376541.424056,46
1415376541.463936,45
1415376541.506018,46
1415376541.547312,46
1415376541.593291,46
1415376541.637929,47
1415376541.681480,48
1415376541.731721,48
1415376541.787035,48
1415376541.829458,47
1415376541.875543,46
1415376541.920328,47
1415376541.967053,48
1415376542.005766,46
1415376542.043585,48
1415376542.084904,46
1415376542.124006,47
1415376542.168887,47
1415376542.209536,46
1415376542.261919,47
1415376542.307414,48
1415376542.346158,48
1415376542.387058,47
1415376542.432716,49
1415376542.475922,47
1415376542.517073,48
1415376542.555570,47
1415376542.593585,48
1415376542.634377,48
1415376542.678275,48
1415376542.723734,49
1415376542.776289,47
1415376542.818578,47
1415376542.864531,48
1415376542.911222,47
1415376542.964752,49
1415376543.004638,48
1415376543.041885,49
1415376543.083899,48
1415376543.125224,49
1415376543.170374,47
1415376543.220493,47
1415376543.271973,47
1415376543.313547,50
1415376543.354200,49
1415376543.406987,48
1415376543.455372,48
1415376543.494430,49
1415376543.538019,50
1415376543.578200,49
1415376543.620848,50
1415376543.664958,49
1415376543.712150,49
1415376543.756472,50
1415376543.795766,49
1415376543.837295,49
1415376543.886535,49
1415376543.934588,48
1415376543.990229,50
1415376544.039211,50
1415376544.080894,49
1415376544.124435,51
1415376544.165076,50
1415376544.205484,50
1415376544.246387,48
1415376544.290033,50
1415376544.333396,50
1415376544.374389,50
1415376544.417938,49
1415376544.460930,50
1415376544.506854,49
1415376544.552388,49
1415376544.604386,50
1415376544.650719,50
1415376544.696312,50
1415376544.733593,51
1415376544.776178,50
1415376544.816366,51
1415376544.856159,50
1415376544.897251,50
1415376544.940485,49
1415376544.984175,51
1415376545.021373,51
1415376545.065935,52
1415376545.103983,51
1415376545.146520,52
1415376545.187494,51
1415376545.234528,51
1415376545.279344,52
1415376545.324056,51
