1415376679.294266,0
1415376679.335884,0
1415376679.386575,0
1415376679.428479,0
1415376679.471346,0
1415376679.515645,0
1415376679.556833,0
1415376679.601565,0
1415376679.643727,0
1415376679.688037,0
1415376679.728759,0
1415376679.767488,0
1415376679.807380,0
1415376679.851456,0
1415376679.896972,0
1415376679.940932,0
1415376679.986577,0
1415376680.031149,0
1415376680.070368,0
1415376680.107811,0
1415376680.153818,0
1415376680.195306,0
1415376680.236719,0
1415376680.279668,0
1415376680.321844,0
1415376680.362027,0
1415376680.402330,0
1415376680.442604,0
1415376680.486364,0
1415376680.540591,0
1415376680.588319,0
1415376680.636463,0
1415376680.677242,0
1415376680.720215,0
1415376680.771910,0
1415376680.825167,0
1415376680.873144,0
1415376680.915871,0
1415376680.955677,0
1415376681.001775,0
1415376681.049929,0
1415376681.095567,0
1415376681.140861,0
1415376681.184188,0
1415376681.235367,0
1415376681.279696,0
1415376681.320117,0
1415376681.360382,0
1415376681.405495,0
1415376681.476696,0
1415376681.523566,0
1415376681.563800,0
1415376681.608666,0
1415376681.655901,0
1415376681.701361,0
1415376681.741258,0
1415376681.782057,0
1415376681.822656,0
1415376681.862515,0
1415376681.902860,0
1415376681.947965,0
1415376681.992697,0
1415376682.034567,0
1415376682.076917,0
1415376682.123346,0
1415376682.163802,0
1415376682.202936,0
1415376682.242204,0
1415376682.284835,0
1415376682.330649,0
1415376682.376879,0
1415376682.424714,0
1415376682.476226,0
1415376682.523564,0
1415376682.568936,0
1415376682.612551,0
1415376682.654794,0
1415376682.697363,0
1415376682.750516,0
1415376682.796922,0
1415376682.843827,0
1415376682.883820,0
1415376682.922199,0
1415376682.959070,0
1415376683.003087,0
1415376683.048754,0
1415376683.090966,0
1415376683.132410,0
1415376683.180618,0
1415376683.222803,0
1415376683.263783,0
1415376683.301811,0
1415376683.344001,0
1415376683.386512,0
1415376683.431304,0
1415376683.471836,0
1415376683.516989,0
1415376683.562366,0
1415376683.602984,0
1415376683.639635,0
1415376683.687609,0
1415376683.729546,0
1415376683.772885,0
1415376683.815298,0
1415376683.856336,0
1415376683.899752,0
1415376683.939660,0
1415376683.976715,0
1415376684.020209,0
1415376684.060440,0
1415376684.098919,0
1415376684.141600,0
1415376684.182993,0
1415376684.226469,0
1415376684.273059,0
1415376684.317534,0
1415376684.362753,0
1415376684.400123,0
1415376684.441969,0
1415376684.480405,0
1415376684.521077,0
1415376684.565900,0
1415376684.602536,0
1415376684.642958,0
1415376684.686570,0
1415376684.728686,0
1415376684.768299,0
1415376684.816595,0
1415376684.858261,0
1415376684.900002,0
1415376684.942679,0
1415376684.985669,0
1415376685.027103,0
1415376685.073746,0
1415376685.112155,0
1415376685.152862,0
1415376685.190819,0
1415376685.227488,0
1415376685.276247,0
1415376685.323118,0
1415376685.362569,0
1415376685.403751,0
1415376685.446425,0
1415376685.487229,0
1415376685.530680,0
1415376685.567563,0
1415376685.611497,0
1415376685.648857,0
1415376685.689806,0
1415376685.733332,0
1415376685.774540,0
1415376685.815606,0
1415376685.858218,0
1415376685.902457,0
1415376685.944812,0
1415376685.993703,0
1415376686.035706,0
1415376686.082413,0
1415376686.120272,0
1415376686.160616,0
1415376686.199367,0
1415376686.241467,0
1415376686.287610,0
1415376686.327512,0
1415376686.378361,0
1415376686.422939,0
1415376686.465245,0
1415376686.507130,0
1415376686.551643,0
1415376686.594270,0
1415376686.635794,0
1415376686.684089,0
1415376686.726355,0
1415376686.770005,0
1415376686.812329,0
1415376686.851018,0
1415376686.894050,0
1415376686.932752,0
1415376686.974286,0
1415376687.017955,0
1415376687.065406,0
1415376687.109017,0
1415376687.152670,0
1415376687.197071,0
1415376687.239990,0
1415376687.285170,0
1415376687.334578,0
1415376687.375055,0
1415376687.424678,0
1415376687.465105,0
1415376687.503692,0
1415376687.553936,0
1415376687.594894,0
1415376687.634899,0
1415376687.683826,0
1415376687.722569,0
1415376687.763435,0
1415376687.814015,0
1415376687.853070,0
1415376687.892831,0
1415376687.935118,0
1415376687.976146,0
1415376688.021926,0
1415376688.063497,0
1415376688.105411,0
1415376688.149248,0
1415376688.195679,0
1415376688.246334,0
1415376688.287494,0
1415376688.328025,0
1415376688.377341,0
1415376688.420697,0
1415376688.458857,0
1415376688.501540,0
1415376688.539014,0
1415376688.582227,0
1415376688.627791,0
1415376688.675672,0
1415376688.716059,0
1415376688.764469,0
1415376688.803087,0
1415376688.843223,0
1415376688.881539,0
1415376688.920685,0
1415376688.959608,0
1415376688.999708,0
1415376689.045348,0
1415376689.087735,0
1415376689.134699,0
1415376689.177927,0
1415376689.217176,0
1415376689.262179,0
1415376689.300707,0
1415376689.345405,0
1415376689.388296,0
1415376689.435430,0
1415376689.477638,0
1415376689.523711,0
1415376689.568239,0
1415376689.605506,0
1415376689.649548,0
1415376689.693871,0
1415376689.735940,0
1415376689.779724,0
1415376689.820047,0
1415376689.861865,0
1415376689.907653,0
1415376689.956164,0
1415376690.002851,0
1415376690.045421,0
1415376690.094031,0
1415376690.136980,0
1415376690.180672,0
1415376690.219935,0
1415376690.260731,0
1415376690.302280,0
1415376690.344827,0
1415376690.384391,0
1415376690.421422,0
1415376690.462455,0
1415376690.499741,0
1415376690.538168,0
1415376690.578798,0
1415376690.623856,0
1415376690.665921,0
1415376690.708287,0
1415376690.751682,0
1415376690.797391,0
1415376690.839009,0
1415376690.884484,0
1415376690.927784,0
1415376690.970417,0
1415376691.013262,0
1415376691.056832,0
1415376691.108580,0
1415376691.151407,0
1415376691.191602,0
1415376691.231587,0
1415376691.274358,0
1415376691.320827,0
1415376691.361936,0
1415376691.401041,0
1415376691.442712,0
1415376691.499913,0
1415376691.536819,0
1415376691.587957,0
1415376691.633815,0
1415376691.708447,0
1415376691.774503,1
1415376691.844036,12
1415376691.882216,16
1415376691.925200,19
1415376691.967023,20
1415376692.009582,19
1415376692.049389,20
1415376692.091405,19
1415376692.129682,17
1415376692.167344,15
1415376692.209197,11
1415376692.251580,17
1415376692.295684,17
1415376692.352541,18
1415376692.398391,17
1415376692.442900,19
1415376692.481263,20
1415376692.521472,20
1415376692.564443,19
1415376692.607007,19
1415376692.652436,19
1415376692.696031,19
1415376692.746737,19
1415376692.790179,19
1415376692.832525,17
1415376692.873338,15
1415376692.913490,12
1415376692.961237,10
1415376692.999753,11
1415376693.043620,11
1415376693.083817,12
1415376693.135127,12
1415376693.201873,13
1415376693.260215,13
1415376693.305145,13
1415376693.354188,13
1415376693.402025,12
1415376693.441526,14
1415376693.479911,15
1415376693.522191,15
1415376693.567306,15
1415376693.612557,15
1415376693.652192,16
1415376693.695206,16
1415376693.741381,17
1415376693.783515,17
1415376693.831201,16
1415376693.880183,16
1415376693.932064,17
1415376693.973547,18
1415376694.019336,18
1415376694.063043,18
1415376694.112159,19
1415376694.154712,18
1415376694.199812,19
1415376694.251535,20
1415376694.294742,19
1415376694.346904,20
1415376694.391574,20
1415376694.438046,19
1415376694.483015,19
1415376694.528043,19
1415376694.583279,19
1415376694.633191,17
1415376694.679803,14
1415376694.724627,11
1415376694.767935,10
1415376694.817766,10
1415376694.864768,12
1415376694.912802,12
1415376694.956127,11
1415376695.005984,13
1415376695.059249,12
1415376695.114924,14
1415376695.163691,13
1415376695.206219,13
1415376695.252486,15
1415376695.292835,15
1415376695.334338,14
1415376695.381107,15
1415376695.419520,16
1415376695.461103,16
1415376695.503545,15
1415376695.546655,16
1415376695.592032,16
1415376695.629968,16
1415376695.668522,17
1415376695.712198,18
1415376695.750541,17
1415376695.788438,17
1415376695.831765,19
1415376695.874205,19
1415376695.917088,19
1415376695.956092,19
1415376695.999120,19
1415376696.042245,19
1415376696.084094,20
1415376696.127128,20
1415376696.169849,19
1415376696.210684,20
1415376696.250659,20
1415376696.294080,19
1415376696.346929,20
1415376696.403911,18
1415376696.458574,15
1415376696.501885,12
1415376696.551829,9
1415376696.591145,10
1415376696.630413,10
1415376696.669440,12
1415376696.713365,11
1415376696.753426,12
1415376696.792112,13
1415376696.837214,13
1415376696.883731,13
1415376696.923705,13
1415376696.965759,14
1415376697.010341,13
1415376697.056462,13
1415376697.104640,15
1415376697.147851,15
1415376697.190224,16
1415376697.235488,16
1415376697.280112,16
1415376697.319389,16
1415376697.362351,15
1415376697.405833,17
1415376697.451206,16
1415376697.491273,18
1415376697.533448,18
1415376697.578981,18
1415376697.620140,17
1415376697.664805,19
1415376697.711624,18
1415376697.750494,18
1415376697.789496,18
1415376697.829164,19
1415376697.871430,19
1415376697.914639,19
1415376697.962577,20
1415376698.005411,20
1415376698.054448,20
1415376698.099473,19
1415376698.141558,18
1415376698.180356,19
1415376698.219772,17
1415376698.262263,14
1415376698.300200,12
1415376698.344917,9
1415376698.390937,11
1415376698.430366,10
1415376698.476375,11
1415376698.523714,11
1415376698.571374,11
1415376698.611124,13
1415376698.651792,13
1415376698.690317,12
1415376698.729597,13
1415376698.771912,13
1415376698.812209,14
1415376698.852918,14
1415376698.893237,14
1415376698.933512,14
1415376698.972448,15
1415376699.013367,15
1415376699.055861,15
1415376699.102022,16
1415376699.141572,17
1415376699.192277,17
1415376699.236445,16
1415376699.279641,17
1415376699.322835,18
1415376699.363925,18
1415376699.410592,17
1415376699.452063,19
1415376699.491050,18
1415376699.534474,18
1415376699.578193,19
1415376699.620269,19
1415376699.658890,20
1415376699.702428,19
1415376699.745572,19
1415376699.794017,19
1415376699.841879,19
1415376699.883254,19
1415376699.927919,19
1415376699.973266,19
1415376700.021475,17
1415376700.066475,13
1415376700.111934,11
1415376700.158080,9
1415376700.203015,10
1415376700.245047,10
1415376700.290060,11
1415376700.336131,11
1415376700.386580,12
1415376700.432039,13
1415376700.474459,13
1415376700.520656,14
1415376700.560212,13
1415376700.601241,14
1415376700.640070,14
1415376700.683756,15
1415376700.723948,15
1415376700.773517,14
1415376700.818437,15
1415376700.863974,16
1415376700.906196,16
1415376700.950084,17
1415376700.988049,17
1415376701.029980,16
1415376701.070384,17
1415376701.116280,17
1415376701.164579,17
1415376701.207160,17
1415376701.251263,18
1415376701.295139,19
1415376701.343636,19
1415376701.387233,18
1415376701.436430,20
1415376701.479971,19
1415376701.546372,19
1415376701.597356,19
1415376701.643835,20
1415376701.685700,19
1415376701.734471,19
1415376701.790943,19
1415376701.836529,17
1415376701.882243,13
1415376701.922562,11
1415376701.972000,11
1415376702.012084,10
1415376702.051173,11
1415376702.093929,11
1415376702.134478,12
1415376702.182312,11
1415376702.225508,13
1415376702.266557,12
1415376702.310081,14
1415376702.349830,14
1415376702.393632,13
1415376702.436224,15
1415376702.490278,15
1415376702.534367,15
1415376702.579953,16
1415376702.620825,15
1415376702.661842,16
1415376702.708426,15
1415376702.760392,16
1415376702.802063,16
1415376702.843568,16
1415376702.888243,18
1415376702.934233,17
1415376702.980101,18
1415376703.024600,17
1415376703.066521,19
1415376703.110431,19
1415376703.157652,19
1415376703.197907,18
1415376703.241334,19
1415376703.286216,19
1415376703.332884,19
1415376703.374689,20
1415376703.428152,19
1415376703.468230,19
1415376703.512631,20
1415376703.554622,19
1415376703.599947,19
1415376703.640543,17
1415376703.680284,15
1415376703.722059,12
1415376703.763062,10
1415376703.809752,10
1415376703.857704,11
1415376703.900379,12
1415376703.944420,11
1415376703.988146,11
1415376704.030516,12
1415376704.069205,13
1415376704.111257,13
1415376704.153604,13
1415376704.198199,14
1415376704.248360,14
1415376704.292335,15
1415376704.335789,15
1415376704.383596,14
1415376704.429336,15
1415376704.473136,16
1415376704.512041,15
1415376704.553645,16
1415376704.596872,16
1415376704.639538,15
1415376704.682736,16
1415376704.723540,18
1415376704.771937,17
1415376704.815686,17
1415376704.861313,18
1415376704.898704,18
1415376704.946747,18
1415376704.991384,18
1415376705.033341,20
1415376705.079150,20
1415376705.119434,19
1415376705.166088,19
1415376705.206024,19
1415376705.249774,20
1415376705.292824,19
1415376705.337290,20
1415376705.380443,18
1415376705.422325,19
1415376705.463174,17
1415376705.504658,14
1415376705.549285,12
1415376705.589724,10
1415376705.631951,10
1415376705.671423,10
1415376705.713558,12
1415376705.760223,11
1415376705.801549,12
1415376705.841092,10
1415376705.883755,10
1415376705.924389,11
1415376705.972692,13
1415376706.015682,13
1415376706.068455,12
1415376706.107781,12
1415376706.154104,11
1415376706.194072,14
1415376706.241029,13
1415376706.286902,13
1415376706.337370,14
1415376706.379269,12
1415376706.420379,14
1415376706.457980,14
1415376706.499326,13
1415376706.541663,13
1415376706.581305,14
1415376706.620852,15
1415376706.661107,13
1415376706.703300,13
1415376706.742672,15
1415376706.783301,16
1415376706.826018,15
1415376706.867589,15
1415376706.912296,14
1415376706.955677,15
1415376707.001909,16
1415376707.044208,17
1415376707.085410,16
1415376707.131106,17
1415376707.174383,16
1415376707.215124,16
1415376707.269631,15
1415376707.315963,17
1415376707.360273,17
1415376707.399223,18
1415376707.439377,17
1415376707.481774,17
1415376707.522435,17
1415376707.566946,17
1415376707.616522,17
1415376707.659776,17
1415376707.700739,19
1415376707.739278,18
1415376707.778362,17
1415376707.818672,18
1415376707.860306,19
1415376707.903957,17
1415376707.949282,18
1415376707.996276,18
1415376708.038591,20
1415376708.080192,19
1415376708.119960,20
1415376708.164896,19
1415376708.212089,19
1415376708.254549,17
1415376708.295439,20
1415376708.342745,18
1415376708.382381,19
1415376708.422916,18
1415376708.463444,20
1415376708.504856,19
1415376708.547602,19
1415376708.592752,19
1415376708.643386,15
1415376708.685925,13
1415376708.727307,9
1415376708.779564,11
1415376708.823075,11
1415376708.871115,10
1415376708.914425,12
1415376708.958077,10
1415376709.003845,11
1415376709.050118,11
1415376709.093162,12
1415376709.146524,11
1415376709.189393,13
1415376709.227696,12
1415376709.273916,11
1415376709.313515,11
1415376709.359721,13
1415376709.405564,14
1415376709.445389,13
1415376709.490046,14
1415376709.534426,14
1415376709.585694,12
1415376709.632409,14
1415376709.677345,13
1415376709.722181,15
1415376709.768288,14
1415376709.813595,15
1415376709.873921,13
1415376709.918384,16
1415376709.964074,16
1415376710.006018,15
1415376710.045363,16
1415376710.085339,14
1415376710.127277,14
1415376710.164150,14
1415376710.202783,17
1415376710.246054,15
1415376710.288443,16
1415376710.331182,15
1415376710.374878,16
1415376710.434886,16
1415376710.476141,16
1415376710.518042,18
1415376710.558506,17
1415376710.596763,18
1415376710.637405,17
1415376710.676861,18
1415376710.718837,17
1415376710.761874,18
1415376710.805674,16
1415376710.845858,18
1415376710.890164,17
1415376710.930914,17
1415376710.970197,19
1415376711.017501,17
1415376711.058547,18
1415376711.105347,19
1415376711.148406,20
1415376711.190720,20
1415376711.251318,20
1415376711.292354,18
1415376711.335359,19
1415376711.381396,20
1415376711.421531,18
1415376711.463411,19
1415376711.501909,18
1415376711.562868,20
1415376711.604864,18
1415376711.649214,19
1415376711.692022,19
1415376711.730217,17
1415376711.772974,14
1415376711.815392,13
1415376711.862239,10
1415376711.903849,11
1415376711.945714,10
1415376711.987603,11
1415376712.027816,11
1415376712.068726,12
1415376712.114209,12
1415376712.155689,11
1415376712.202478,11
1415376712.244433,11
1415376712.289652,11
1415376712.334136,12
1415376712.377813,11
1415376712.423440,12
1415376712.461553,13
1415376712.499574,12
1415376712.547018,12
1415376712.588911,14
1415376712.627318,12
1415376712.671968,13
1415376712.715295,15
1415376712.763862,15
1415376712.805421,14
1415376712.866987,14
1415376712.910116,14
1415376712.949042,15
1415376712.988382,14
1415376713.028926,16
1415376713.069209,15
1415376713.111119,14
1415376713.149545,15
1415376713.187767,14
1415376713.231428,15
1415376713.271199,14
1415376713.311350,16
1415376713.349985,17
1415376713.393067,16
1415376713.436448,16
1415376713.479727,15
1415376713.520410,16
1415376713.566775,16
1415376713.613848,16
1415376713.654023,17
1415376713.701385,16
1415376713.740658,17
1415376713.782740,16
1415376713.830098,18
1415376713.871343,17
1415376713.945927,17
1415376714.017247,19
1415376714.079717,18
1415376714.130723,18
1415376714.172325,18
1415376714.225903,19
1415376714.286232,20
1415376714.332267,19
1415376714.388211,19
1415376714.447303,18
1415376714.510400,19
1415376714.592104,19
1415376714.636391,19
1415376714.874322,18
1415376715.016056,14
1415376715.119309,11
1415376715.277535,10
1415376715.357133,11
1415376715.459210,11
1415376715.506464,12
1415376715.563793,12
1415376715.616934,11
1415376715.704714,12
1415376715.744235,13
1415376715.784076,13
1415376715.823948,12
1415376715.870152,14
1415376715.910508,13
1415376715.954086,14
1415376716.001993,13
1415376716.044859,14
1415376716.088838,15
1415376716.137569,15
1415376716.180143,15
1415376716.223357,14
1415376716.264594,15
1415376716.313943,16
1415376716.356121,14
1415376716.403598,15
1415376716.495284,15
1415376716.575553,14
1415376716.623118,15
1415376716.700854,16
1415376716.759735,17
1415376716.856536,17
1415376717.011371,17
1415376717.074917,17
1415376717.124226,17
1415376717.168375,17
1415376717.217118,17
1415376717.261767,17
1415376717.311285,17
1415376717.355184,19
1415376717.409912,17
1415376717.461842,18
1415376717.545026,18
1415376717.591932,19
1415376717.632379,20
1415376717.678859,18
1415376717.759539,18
1415376717.841521,18
1415376717.886791,19
1415376717.936013,19
1415376717.981798,19
1415376718.029803,19
1415376718.072832,18
1415376718.115741,18
1415376718.162506,18
1415376718.201181,16
1415376718.275381,10
1415376718.349079,10
1415376718.445320,10
1415376718.491744,10
1415376718.533425,11
1415376718.581590,11
1415376718.626220,12
1415376718.668328,12
1415376718.725968,12
1415376718.775311,12
1415376718.821485,11
1415376718.868623,13
1415376718.919238,11
1415376718.998959,14
1415376719.052347,12
1415376719.104474,14
1415376719.154928,14
1415376719.207621,15
1415376719.262108,14
1415376719.316228,14
1415376719.360794,14
1415376719.430138,14
1415376719.482307,15
1415376719.533430,16
1415376719.609025,13
1415376719.674488,15
1415376719.725027,15
1415376719.813590,16
1415376719.879191,15
1415376719.932032,17
1415376719.982178,16
1415376720.025297,16
1415376720.070876,15
1415376720.111299,17
1415376720.153975,18
1415376720.192399,17
1415376720.231981,18
1415376720.272914,17
1415376720.311860,18
1415376720.353118,17
1415376720.396829,19
1415376720.437870,17
1415376720.482399,18
1415376720.526355,19
1415376720.603342,17
1415376720.656616,19
1415376720.749957,19
1415376720.807210,18
1415376720.849772,18
1415376720.896340,19
1415376720.941073,19
1415376720.983923,20
1415376721.037634,20
1415376721.079375,20
1415376721.137199,19
1415376721.186121,18
1415376721.252210,19
1415376721.313163,18
1415376721.382146,14
1415376721.438183,9
1415376721.486450,10
1415376721.548282,11
1415376721.634980,11
1415376721.681799,12
1415376721.722447,10
1415376721.776013,11
1415376721.829757,12
1415376721.891921,12
1415376721.945383,13
1415376722.017150,11
1415376722.095393,12
1415376722.136439,12
1415376722.175968,12
1415376722.217693,13
1415376722.256321,13
1415376722.294652,13
1415376722.335985,14
1415376722.373577,14
1415376722.414987,13
1415376722.454113,14
1415376722.548069,13
1415376722.597966,16
1415376722.654889,14
1415376722.698118,15
1415376722.747334,16
1415376722.792837,15
1415376722.833510,15
1415376722.880752,16
1415376722.926853,17
1415376722.973913,16
1415376723.023529,15
1415376723.072263,17
1415376723.117977,15
1415376723.160935,16
1415376723.202950,18
1415376723.244777,17
1415376723.288813,17
1415376723.332263,17
1415376723.376596,17
1415376723.417509,17
1415376723.460701,17
1415376723.501029,17
1415376723.539023,17
1415376723.581392,18
1415376723.620797,17
1415376723.662487,19
1415376723.705833,18
1415376723.750724,18
1415376723.793010,19
1415376723.836123,19
1415376723.881190,18
1415376723.922835,18
1415376723.962170,20
1415376724.004044,19
1415376724.042492,18
1415376724.086695,19
1415376724.129133,19
1415376724.171303,19
1415376724.215028,19
1415376724.255960,20
1415376724.299286,18
1415376724.339393,19
1415376724.378429,18
1415376724.418641,18
1415376724.458772,16
1415376724.496715,14
1415376724.541395,10
1415376724.582203,10
1415376724.624294,10
1415376724.670635,11
1415376724.711003,12
1415376724.750468,10
1415376724.791794,10
1415376724.832741,12
1415376724.872634,10
1415376724.914951,12
1415376724.966887,11
1415376725.011256,12
1415376725.052673,12
1415376725.093579,13
1415376725.144166,12
1415376725.186679,13
1415376725.239980,13
1415376725.280737,13
1415376725.319197,12
1415376725.359140,13
1415376725.403268,13
1415376725.447973,14
1415376725.491697,15
1415376725.529929,13
1415376725.574348,14
1415376725.620875,15
1415376725.663675,14
1415376725.708127,16
1415376725.749097,16
1415376725.797301,15
1415376725.840389,15
1415376725.881285,15
1415376725.921388,14
1415376725.959142,16
1415376726.002402,16
1415376726.042501,16
1415376726.080804,15
1415376726.118324,17
1415376726.162244,15
1415376726.200685,17
1415376726.243010,15
1415376726.290032,15
1415376726.332838,18
1415376726.380125,17
1415376726.441032,17
1415376726.478308,18
1415376726.526635,17
1415376726.567458,16
1415376726.616032,18
1415376726.658498,17
1415376726.701593,19
1415376726.741609,18
1415376726.782230,17
1415376726.827071,18
1415376726.873484,18
1415376726.921612,19
1415376726.964073,19
1415376727.007394,18
1415376727.054499,20
1415376727.104246,19
1415376727.148383,19
1415376727.195394,18
1415376727.239492,20
1415376727.279279,19
1415376727.317434,20
1415376727.360708,18
1415376727.400569,18
1415376727.439956,20
1415376727.481148,18
1415376727.519237,20
1415376727.563936,18
1415376727.605591,15
1415376727.648353,13
1415376727.689750,10
1415376727.731319,10
1415376727.770327,11
1415376727.808889,10
1415376727.850673,11
1415376727.896909,12
1415376727.941427,10
1415376727.980494,9
1415376728.019935,10
1415376728.061219,10
1415376728.099595,12
1415376728.138908,12
1415376728.182250,13
1415376728.220224,12
1415376728.262240,12
1415376728.304840,13
1415376728.351005,13
1415376728.393430,14
1415376728.437995,13
1415376728.479214,14
1415376728.521153,13
1415376728.567628,14
1415376728.607632,14
1415376728.649408,14
1415376728.688802,14
1415376728.728995,14
1415376728.772685,14
1415376728.813273,15
1415376728.853922,15
1415376728.897785,16
1415376728.937544,15
1415376728.981986,16
1415376729.022096,14
1415376729.064240,15
1415376729.107637,16
1415376729.155959,16
1415376729.197076,16
1415376729.244595,15
1415376729.287761,17
1415376729.329335,16
1415376729.367472,17
1415376729.408286,16
1415376729.454945,16
1415376729.491858,18
1415376729.535370,17
1415376729.585756,16
1415376729.628325,17
1415376729.671678,17
1415376729.711793,16
1415376729.751784,18
1415376729.792721,17
1415376729.842348,19
1415376729.893648,17
1415376729.940190,17
1415376729.981836,19
1415376730.022506,17
1415376730.064430,19
1415376730.108559,17
1415376730.150080,20
1415376730.188211,19
1415376730.229021,18
1415376730.273434,19
1415376730.313523,19
1415376730.359599,19
1415376730.398266,18
1415376730.445660,20
1415376730.494479,19
1415376730.548749,20
1415376730.587209,18
1415376730.628793,19
1415376730.669050,18
1415376730.712899,20
1415376730.753603,17
1415376730.801319,15
1415376730.848429,12
1415376730.887321,9
1415376730.932230,11
1415376730.972557,11
1415376731.013081,11
1415376731.056620,10
1415376731.100329,10
1415376731.141407,11
1415376731.182866,12
1415376731.225957,11
1415376731.273178,12
1415376731.311180,11
1415376731.350228,13
1415376731.390043,11
1415376731.432848,13
1415376731.480419,14
1415376731.522350,14
1415376731.565529,14
1415376731.649378,14
1415376731.692221,12
1415376731.734916,12
1415376731.780561,14
1415376731.820221,15
1415376731.859328,14
1415376731.897057,14
1415376731.946700,15
1415376731.988899,14
1415376732.029235,16
1415376732.071508,15
1415376732.114193,16
1415376732.156729,14
1415376732.200551,15
1415376732.241775,16
1415376732.280268,15
1415376732.322339,17
1415376732.367819,15
1415376732.409397,16
1415376732.451928,16
1415376732.492272,17
1415376732.539822,15
1415376732.580627,17
1415376732.624108,15
1415376732.669709,17
1415376732.709679,17
1415376732.758163,16
1415376732.805881,18
1415376732.852870,16
1415376732.898021,16
1415376732.939651,17
1415376732.982080,18
1415376733.024388,17
1415376733.071362,18
1415376733.114371,18
1415376733.164164,17
1415376733.205045,19
1415376733.253670,17
1415376733.295702,18
1415376733.342824,18
1415376733.382046,20
1415376733.420242,19
1415376733.459580,18
1415376733.503878,18
1415376733.545195,20
1415376733.592047,19
1415376733.635198,19
1415376733.681097,19
1415376733.722670,19
1415376733.762348,19
1415376733.803735,20
1415376733.843608,19
1415376733.891662,19
1415376733.928911,16
1415376733.979235,14
1415376734.025791,11
1415376734.073155,10
1415376734.126452,11
1415376734.167365,12
1415376734.217159,12
1415376734.255754,9
1415376734.298333,11
1415376734.343562,11
1415376734.385469,10
1415376734.430987,11
1415376734.471471,11
1415376734.513624,12
1415376734.553860,12
1415376734.600706,12
1415376734.641147,12
1415376734.680867,13
1415376734.724773,13
1415376734.768239,12
1415376734.808911,14
1415376734.850959,13
1415376734.893208,12
1415376734.935257,13
1415376734.977002,14
1415376735.024634,14
1415376735.070418,15
1415376735.115114,13
1415376735.158080,13
1415376735.196687,16
1415376735.242910,16
1415376735.284852,15
1415376735.333458,16
1415376735.376570,14
1415376735.414037,15
1415376735.453957,16
1415376735.490025,15
1415376735.531085,15
1415376735.570933,16
1415376735.610627,17
1415376735.647950,15
1415376735.683430,15
1415376735.724561,15
1415376735.762660,16
1415376735.802094,15
1415376735.842259,17
1415376735.880919,17
1415376735.922566,17
1415376735.965431,17
1415376736.016937,16
1415376736.060748,17
1415376736.101511,16
1415376736.148769,16
1415376736.192899,17
1415376736.236067,17
1415376736.279082,19
1415376736.318814,18
1415376736.363309,18
1415376736.411574,18
1415376736.449496,18
1415376736.489352,17
1415376736.529332,19
1415376736.574397,19
1415376736.618304,19
1415376736.667674,19
1415376736.705496,18
1415376736.756396,18
1415376736.796369,18
1415376736.845821,19
1415376736.886493,19
1415376736.927525,19
1415376736.969515,19
1415376737.015178,20
1415376737.053161,19
1415376737.095458,16
1415376737.142039,14
1415376737.186346,11
1415376737.234757,11
1415376737.284376,10
1415376737.322352,11
1415376737.368004,12
1415376737.413349,11
1415376737.456278,11
1415376737.499556,9
1415376737.536988,10
1415376737.582612,12
1415376737.625693,11
1415376737.677591,13
1415376737.724982,12
1415376737.778393,11
1415376737.820840,13
1415376737.859019,13
1415376737.897653,13
1415376737.941331,14
1415376737.983843,14
1415376738.022232,13
1415376738.063334,12
1415376738.105729,14
1415376738.155136,14
1415376738.208889,15
1415376738.250417,14
1415376738.296115,14
1415376738.343037,13
1415376738.388865,14
1415376738.430111,15
1415376738.468375,16
1415376738.507366,15
1415376738.554087,16
1415376738.598592,15
1415376738.638365,16
1415376738.679181,17
1415376738.719000,16
1415376738.765883,17
1415376738.812845,17
1415376738.856605,15
1415376738.898583,16
1415376738.944976,17
1415376738.988415,16
1415376739.027989,17
1415376739.068492,17
1415376739.113177,17
1415376739.155196,18
1415376739.192872,17
1415376739.229777,17
1415376739.268301,19
1415376739.306695,17
1415376739.350636,17
1415376739.391801,18
1415376739.432043,19
1415376739.478377,17
1415376739.519670,18
1415376739.581005,17
1415376739.630598,20
1415376739.667728,19
1415376739.713871,19
1415376739.757621,18
1415376739.799020,17
1415376739.844236,19
1415376739.888514,18
1415376739.927853,19
1415376739.970642,18
1415376740.014762,18
1415376740.059316,18
1415376740.098675,20
1415376740.139689,19
1415376740.178611,19
1415376740.222157,16
1415376740.265333,13
1415376740.308382,11
1415376740.347978,11
1415376740.389390,10
1415376740.429461,11
1415376740.467506,12
1415376740.508838,11
1415376740.549180,12
1415376740.590663,10
1415376740.628650,12
1415376740.668579,10
1415376740.711084,13
1415376740.755081,12
1415376740.799189,12
1415376740.846404,12
1415376740.888917,12
1415376740.930189,14
1415376740.967734,13
1415376741.007430,12
1415376741.047196,13
1415376741.088567,12
1415376741.130083,14
1415376741.180076,12
1415376741.219613,13
1415376741.256908,13
1415376741.297665,14
1415376741.347527,13
1415376741.389672,13
1415376741.432302,15
1415376741.474825,15
1415376741.519480,16
1415376741.557893,15
1415376741.598387,15
1415376741.665009,15
1415376741.708101,15
1415376741.752046,16
1415376741.791068,16
1415376741.830934,16
1415376741.871941,16
1415376741.914668,16
1415376741.965653,16
1415376742.016162,16
1415376742.052232,16
1415376742.093456,16
1415376742.141413,17
1415376742.184336,17
1415376742.231492,17
1415376742.272194,16
1415376742.315954,17
1415376742.357664,17
1415376742.441936,18
1415376742.540877,18
1415376742.600529,17
1415376742.659500,17
1415376742.739898,17
1415376742.798927,19
1415376742.857080,19
1415376742.921790,18
1415376742.985164,19
1415376743.032466,20
1415376743.080965,18
1415376743.124893,19
1415376743.172852,18
1415376743.214058,20
1415376743.256212,19
1415376743.297373,19
1415376743.335231,18
1415376743.381185,15
1415376743.419711,12
1415376743.458753,10
1415376743.497698,10
1415376743.540641,10
1415376743.581974,10
1415376743.624466,11
1415376743.673143,10
1415376743.718634,12
1415376743.758920,10
1415376743.807246,11
1415376743.851445,12
1415376743.890744,11
1415376743.939226,11
1415376743.982455,13
1415376744.026468,13
1415376744.075224,14
1415376744.123213,14
1415376744.173499,13
1415376744.218056,14
1415376744.259941,13
1415376744.304607,13
1415376744.377331,15
1415376744.455344,14
1415376744.503919,15
1415376744.556412,14
1415376744.619259,15
1415376744.661409,15
1415376744.740603,14
1415376744.786551,16
1415376744.829852,15
1415376744.906045,17
1415376744.981756,16
1415376745.060560,16
1415376745.123113,16
1415376745.185595,16
1415376745.239826,16
1415376745.291173,16
1415376745.350050,17
1415376745.427857,18
1415376745.489402,18
1415376745.551643,17
1415376745.599033,18
1415376745.658897,17
1415376745.715600,18
1415376745.768971,19
1415376745.813453,17
1415376745.864299,19
1415376745.918255,19
1415376746.024960,19
1415376746.090276,19
1415376746.185405,18
1415376746.268573,18
1415376746.342777,19
1415376746.388831,18
1415376746.435412,20
1415376746.480384,17
1415376746.523018,14
1415376746.574469,10
1415376746.626450,11
1415376746.678148,10
1415376746.767863,10
1415376746.946654,10
1415376747.013418,13
1415376747.056037,12
1415376747.097839,12
1415376747.147741,12
1415376747.189662,13
1415376747.240573,13
1415376747.291331,14
1415376747.334633,12
1415376747.384897,14
1415376747.429154,13
1415376747.471656,15
1415376747.514814,13
1415376747.558423,14
1415376747.613594,13
1415376747.658477,13
1415376747.705384,13
1415376747.770279,15
1415376747.820053,14
1415376747.882184,15
1415376747.927644,15
1415376747.976048,15
1415376748.026965,16
1415376748.102424,16
1415376748.180430,16
1415376748.232399,16
1415376748.290283,17
1415376748.338235,18
1415376748.382031,17
1415376748.426703,17
1415376748.477918,17
1415376748.516691,18
1415376748.562478,17
1415376748.610435,17
1415376748.665705,18
1415376748.715147,18
1415376748.766826,18
1415376748.810352,17
1415376748.854564,18
1415376748.900095,19
1415376748.943938,19
1415376748.990276,19
1415376749.050340,19
1415376749.090772,19
1415376749.140617,19
1415376749.238211,19
1415376749.277481,18
1415376749.322146,18
1415376749.366487,19
1415376749.410489,20
1415376749.453848,19
1415376749.493436,20
1415376749.534459,19
1415376749.586688,16
1415376749.629028,13
1415376749.699827,10
1415376749.741971,10
1415376749.781552,10
1415376749.826508,12
1415376749.872326,10
1415376749.911748,11
1415376749.973138,12
1415376750.025119,11
1415376750.089815,13
1415376750.137955,13
1415376750.180437,11
1415376750.250653,13
1415376750.309850,12
1415376750.367628,13
1415376750.458063,13
1415376750.533187,13
1415376750.579071,15
1415376750.625555,13
1415376750.679033,13
1415376750.728236,15
1415376750.779866,14
1415376750.845808,15
1415376750.920709,14
1415376750.995951,15
1415376751.052122,16
1415376751.116979,14
1415376751.175518,16
1415376751.223503,17
1415376751.267945,16
1415376751.315906,16
1415376751.361445,17
1415376751.431232,17
1415376751.476009,18
1415376751.539668,18
1415376751.601929,16
1415376751.773608,17
1415376751.842164,18
1415376751.898722,19
1415376751.950173,19
1415376751.997620,18
1415376752.044222,19
1415376752.140906,18
1415376752.189727,19
1415376752.236238,19
1415376752.328424,20
1415376752.385469,19
1415376752.438868,20
1415376752.535959,19
1415376752.601008,19
1415376752.668493,19
1415376752.718191,19
1415376752.791958,15
1415376752.844656,12
1415376752.902514,11
1415376752.957776,11
1415376753.031943,11
1415376753.089930,12
1415376753.138206,10
1415376753.207523,12
1415376753.276667,12
1415376753.340055,13
1415376753.392626,12
1415376753.464465,12
1415376753.530107,13
1415376753.577851,13
1415376753.623365,13
1415376753.667254,12
1415376753.718750,13
1415376753.769766,15
1415376753.837229,15
1415376753.886049,13
1415376753.949763,15
1415376753.994793,13
1415376754.073784,15
1415376754.119834,15
1415376754.204488,14
1415376754.256498,14
1415376754.340194,17
1415376754.428725,15
1415376754.488364,17
1415376754.530990,17
1415376754.601295,16
1415376754.644996,16
1415376754.735525,17
1415376754.789894,16
1415376754.828718,17
1415376754.892162,18
1415376754.950676,17
1415376755.013610,18
1415376755.067528,17
1415376755.178399,17
1415376755.246052,18
1415376755.297919,20
1415376755.347202,19
1415376755.419561,17
1415376755.506614,18
1415376755.576300,20
1415376755.646852,18
1415376755.690135,20
1415376755.731610,18
1415376755.779926,19
1415376755.826983,19
1415376755.871260,19
1415376755.927083,15
1415376755.994166,10
1415376756.055759,11
1415376756.149585,10
1415376756.196521,10
1415376756.316851,10
1415376756.393668,13
1415376756.459035,11
1415376756.504858,12
1415376756.576531,11
1415376756.629558,13
1415376756.684065,14
1415376756.726936,13
1415376756.783419,13
1415376756.837668,13
1415376756.880528,12
1415376756.925130,14
1415376757.017247,15
1415376757.076695,13
1415376757.159727,16
1415376757.215267,15
1415376757.284320,15
1415376757.345434,15
1415376757.386977,16
1415376757.429475,14
1415376757.473743,16
1415376757.513996,17
1415376757.558642,16
1415376757.603648,16
1415376757.646126,17
1415376757.692854,15
1415376757.741562,17
1415376757.781427,17
1415376757.820150,18
1415376757.859529,18
1415376757.901707,16
1415376757.946520,16
1415376757.989145,17
1415376758.034153,18
1415376758.084083,15
1415376758.143310,19
1415376758.242480,18
1415376758.301195,17
1415376758.350683,19
1415376758.390158,18
1415376758.429723,19
1415376758.469793,19
1415376758.512619,18
1415376758.556763,20
1415376758.605955,19
1415376758.658117,19
1415376758.701075,20
1415376758.749177,19
1415376758.790630,19
1415376758.832647,19
1415376758.877881,20
1415376758.920711,19
1415376758.962603,19
1415376759.006603,18
1415376759.053696,18
1415376759.098064,16
1415376759.143323,13
1415376759.184700,10
1415376759.233215,10
1415376759.278780,10
1415376759.318577,10
1415376759.360712,12
1415376759.405174,12
1415376759.446823,11
1415376759.489620,11
1415376759.529195,12
1415376759.568441,12
1415376759.605931,12
1415376759.645531,13
1415376759.692242,12
1415376759.769310,11
1415376759.812472,13
1415376759.856194,13
1415376759.901442,12
1415376759.945153,13
1415376759.988475,13
1415376760.029854,12
1415376760.071876,14
1415376760.115614,14
1415376760.158998,13
1415376760.202315,14
1415376760.247567,14
1415376760.287583,15
1415376760.335291,14
1415376760.382288,14
1415376760.423737,15
1415376760.466993,14
1415376760.513141,15
1415376760.564408,15
1415376760.602385,15
1415376760.640962,16
1415376760.682804,17
1415376760.723957,16
1415376760.762510,15
1415376760.811044,16
1415376760.856021,16
1415376760.899921,16
1415376760.943127,18
1415376760.988152,17
1415376761.033652,18
1415376761.076503,16
1415376761.120187,16
1415376761.159562,17
1415376761.201107,17
1415376761.248625,16
1415376761.292157,19
1415376761.340189,18
1415376761.380071,18
1415376761.417598,18
1415376761.459853,18
1415376761.501931,17
1415376761.543329,18
1415376761.582296,19
1415376761.624582,18
1415376761.669295,19
1415376761.709521,19
1415376761.751342,20
1415376761.810296,19
1415376761.848494,19
1415376761.888804,20
1415376761.930291,19
1415376761.970534,18
1415376762.016098,19
1415376762.063919,19
1415376762.107982,19
1415376762.149316,18
1415376762.189272,18
1415376762.229622,16
1415376762.267735,13
1415376762.310546,10
1415376762.350575,11
1415376762.391649,10
1415376762.438601,10
1415376762.475892,11
1415376762.515648,12
1415376762.559438,11
1415376762.601964,11
1415376762.648338,12
1415376762.691633,12
1415376762.741197,14
1415376762.787874,11
1415376762.833973,13
1415376762.885331,12
1415376762.930055,10
1415376762.969513,14
1415376763.012549,14
1415376763.052392,13
1415376763.096522,14
1415376763.137400,13
1415376763.179262,15
1415376763.225749,14
1415376763.275289,14
1415376763.320395,14
1415376763.367299,14
1415376763.411271,14
1415376763.451734,14
1415376763.493412,16
1415376763.539016,15
1415376763.580893,15
1415376763.626693,16
1415376763.666264,14
1415376763.772302,17
1415376763.814251,17
1415376763.862075,17
1415376763.923497,16
1415376763.964453,19
1415376764.011177,20
1415376764.059526,20
1415376764.099495,20
1415376764.142183,18
1415376764.185678,15
1415376764.231619,13
1415376764.279181,11
1415376764.323928,11
1415376764.373473,12
1415376764.417454,10
1415376764.465211,11
1415376764.513376,11
1415376764.555957,10
1415376764.614215,15
1415376764.659597,16
1415376764.705422,16
1415376764.751134,18
1415376764.796884,18
1415376764.844374,17
1415376764.887765,18
1415376764.926479,17
1415376764.975141,17
1415376765.022271,19
1415376765.065638,20
1415376765.108847,19
1415376765.152526,19
1415376765.199437,19
1415376765.238512,19
1415376765.278373,18
1415376765.319057,19
1415376765.361239,19
1415376765.408261,19
1415376765.450031,18
1415376765.488213,19
1415376765.527684,16
1415376765.568363,16
1415376765.610603,15
1415376765.657416,11
1415376765.700261,11
1415376765.742318,12
1415376765.787540,10
1415376765.834768,10
1415376765.882130,13
1415376765.919608,12
1415376765.970613,12
1415376766.010459,12
1415376766.051058,11
1415376766.091662,12
1415376766.129806,12
1415376766.174746,13
1415376766.223700,14
1415376766.270999,14
1415376766.312571,15
1415376766.364464,15
1415376766.405365,16
1415376766.445025,15
1415376766.486039,16
1415376766.526180,17
1415376766.569157,18
1415376766.613391,18
1415376766.654216,17
1415376766.698090,18
1415376766.741571,18
1415376766.785734,19
1415376766.826738,16
1415376766.872177,14
1415376766.913811,13
1415376766.965089,11
1415376767.006549,11
1415376767.047620,11
1415376767.090143,12
1415376767.133761,10
1415376767.187580,10
1415376767.242195,13
1415376767.298656,11
1415376767.352539,13
1415376767.410855,12
1415376767.465442,14
1415376767.514054,12
1415376767.564868,12
1415376767.628484,13
1415376767.680535,14
1415376767.732019,14
1415376767.785525,14
1415376767.832463,14
1415376767.883428,14
1415376767.935373,13
1415376767.979577,14
1415376768.039498,16
1415376768.090551,15
1415376768.145139,15
1415376768.196906,16
1415376768.248270,15
1415376768.297594,16
1415376768.350473,16
1415376768.397466,16
1415376768.446215,16
1415376768.487992,15
1415376768.526900,14
1415376768.566885,17
1415376768.609062,18
1415376768.648619,17
1415376768.686403,17
1415376768.729376,16
1415376768.767425,18
1415376768.811554,18
1415376768.851977,17
1415376768.896457,17
1415376768.939266,18
1415376768.985085,19
1415376769.026142,17
1415376769.068666,17
1415376769.108140,18
1415376769.148496,18
1415376769.188488,19
1415376769.227917,18
1415376769.270476,20
1415376769.315814,18
1415376769.364995,18
1415376769.431238,20
1415376769.483493,19
1415376769.527464,20
1415376769.577464,18
1415376769.620343,18
1415376769.658415,18
1415376769.698262,19
1415376769.745079,20
1415376769.789095,20
1415376769.831852,18
1415376769.871551,16
1415376769.914978,13
1415376769.958612,9
1415376769.998526,11
1415376770.035491,10
1415376770.082422,11
1415376770.125417,11
1415376770.172801,12
1415376770.217787,10
1415376770.256960,11
1415376770.298039,12
1415376770.339467,11
1415376770.384497,12
1415376770.431628,11
1415376770.477041,12
1415376770.522004,11
1415376770.563516,14
1415376770.609099,13
1415376770.649095,13
1415376770.686960,12
1415376770.728826,14
1415376770.766666,13
1415376770.811929,13
1415376770.850638,14
1415376770.888103,14
1415376770.935890,15
1415376770.986805,14
1415376771.033102,13
1415376771.081066,14
1415376771.120957,15
1415376771.163709,16
1415376771.211317,14
1415376771.254915,15
1415376771.299992,14
1415376771.339092,15
1415376771.378151,14
1415376771.418554,16
1415376771.457389,16
1415376771.499744,17
1415376771.538294,16
1415376771.578715,15
1415376771.622919,15
1415376771.670838,16
1415376771.740804,18
1415376771.801648,16
1415376771.880427,18
1415376771.921590,17
1415376771.965261,17
1415376772.006455,17
1415376772.048860,16
1415376772.089967,18
1415376772.132899,18
1415376772.181550,18
1415376772.228688,19
1415376772.271327,17
1415376772.312060,18
1415376772.354563,18
1415376772.398313,18
1415376772.438257,18
1415376772.481371,19
1415376772.526412,19
1415376772.566813,19
1415376772.606553,19
1415376772.648610,20
1415376772.688110,19
1415376772.742295,18
1415376772.784939,18
1415376772.833099,18
1415376772.877825,19
1415376772.920042,20
1415376772.966954,18
1415376773.008072,16
1415376773.045606,13
1415376773.089126,10
1415376773.135731,9
1415376773.184974,10
1415376773.229616,10
1415376773.270699,10
1415376773.313819,12
1415376773.360258,11
1415376773.400799,12
1415376773.443494,12
1415376773.487983,12
1415376773.535119,11
1415376773.576694,13
1415376773.615035,12
1415376773.657400,13
1415376773.700923,12
1415376773.745242,13
1415376773.796551,14
1415376773.840975,12
1415376773.883937,13
1415376773.925906,12
1415376773.971882,13
1415376774.017418,15
1415376774.058786,15
1415376774.098606,15
1415376774.138204,13
1415376774.184832,14
1415376774.233768,13
1415376774.272471,15
1415376774.316673,16
1415376774.355768,15
1415376774.400895,15
1415376774.440167,15
